{"solvers": {"WRK_calf_l_UERBFSolver": {"solver_name": "WRK_calf_l_UERBFSolver", "drivers": ["calf_l"], "driven_transforms": ["WRK_calf_l"], "controllers": [], "poses": {"default": {"drivers": [[0.9993451773135139, -0.03617915271147245, 0.0005343119883308083, 0.0, 0.03618309685314443, 0.999239883991606, -0.01450647243671099, 0.0, -9.073967642468608e-06, 0.014516306331882127, 0.9998946328329509, 0.0, -45.231613180694815, -1.4990524910274416e-07, 0.00029305835861492824, 1.0]], "controllers": [], "driven": {"WRK_calf_l": [1.0, 0.0, 0.0, 0.0, 0.0, 1.0, 0.0, 0.0, 0.0, 0.0, 1.0, 0.0, 0.0, 0.0, 0.0, 1.0]}, "function_type": "DefaultFunctionType", "scale_factor": 1.0, "distance_method": "DefaultMethod", "target_enable": true, "blendshape_data": []}, "calf_l_back_50": {"drivers": [[0.6427876174094395, -0.7660444366386948, 1.736371883694418e-18, -4.561324549011834e-18, 0.7660444366386945, 0.6427876174094396, 3.471272426882998e-18, -5.265065531950195e-18, 2.168404344971009e-19, -5.204170427930421e-18, 1.0000000000000002, -8.854466005604489e-23, 7.105427357601002e-15, -4.440892098500626e-16, -2.168404344971009e-19, 1.0]], "controllers": [], "driven": {"WRK_calf_l": [1.0, 0.0, 0.0, 0.0, 0.0, 1.0, 0.0, 0.0, 0.0, 0.0, 1.0, 0.0, 0.0, 0.0, 0.0, 1.0]}, "function_type": "DefaultFunctionType", "scale_factor": 1.0, "distance_method": "DefaultMethod", "target_enable": true, "blendshape_data": []}, "calf_l_back_90": {"drivers": [[3.25489023820348e-17, -1.0, 8.936088088918995e-23, -1.0985836568718953e-19, 0.9999999999999994, 3.926563388839186e-17, 2.192984054803007e-19, -6.965237098379103e-18, 2.168404344971009e-19, -5.204170427930421e-18, 1.0000000000000002, -8.854466005604489e-23, 7.105427357601002e-15, -4.440892098500626e-16, -2.168404344971009e-19, 1.0]], "controllers": [], "driven": {"WRK_calf_l": [1.0, 0.0, 0.0, 0.0, 0.0, 1.0, 0.0, 0.0, 0.0, 0.0, 1.0, 0.0, 0.0, 0.0, 0.0, 1.0]}, "function_type": "DefaultFunctionType", "scale_factor": 1.0, "distance_method": "DefaultMethod", "target_enable": true, "blendshape_data": []}, "calf_l_back_120": {"drivers": [[-0.4999999865388263, -0.8660254115562506, -1.7358750726416706e-18, 3.3874783190721417e-18, 0.8660254115562501, -0.4999999865388263, 8.695350837599641e-19, -6.0870015060754e-18, 2.168404344971009e-19, -5.204170427930421e-18, 1.0000000000000002, -8.854466005604489e-23, 7.105427357601002e-15, -4.440892098500626e-16, -2.168404344971009e-19, 1.0]], "controllers": [], "driven": {"WRK_calf_l": [1.0, 0.0, 0.0, 0.0, 0.0, 1.0, 0.0, 0.0, 0.0, 0.0, 1.0, 0.0, 0.0, 0.0, 0.0, 1.0]}, "function_type": "DefaultFunctionType", "scale_factor": 1.0, "distance_method": "DefaultMethod", "target_enable": true, "blendshape_data": []}, "calf_l_back_150": {"drivers": [[-0.8660254016890683, -0.5000000036292871, -2.0839848672967956e-21, 5.977143072741064e-18, 0.5000000036292868, -0.8660254016890687, -5.202864053637134e-18, -3.577758709741549e-18, 2.168404344971009e-19, -5.204170427930421e-18, 1.0000000000000002, -8.854466005604489e-23, 7.105427357601002e-15, -4.440892098500626e-16, -2.168404344971009e-19, 1.0]], "controllers": [], "driven": {"WRK_calf_l": [1.0, 0.0, 0.0, 0.0, 0.0, 1.0, 0.0, 0.0, 0.0, 0.0, 1.0, 0.0, 0.0, 0.0, 0.0, 1.0]}, "function_type": "DefaultFunctionType", "scale_factor": 1.0, "distance_method": "DefaultMethod", "target_enable": true, "blendshape_data": []}}, "driven_attrs": [[], [], [], [], []], "mode": "Interpolative", "radius": 45.0, "automaticRadius": false, "weightThreshold": 0.0010000000474974513, "distanceMethod": "Quaternion", "normalizeMethod": "AlwaysNormalize", "functionType": "Gaussian", "twistAxis": "X-Axis", "inputMode": "Rotation"}, "WRK_calf_r_UERBFSolver": {"solver_name": "WRK_calf_r_UERBFSolver", "drivers": ["calf_r"], "driven_transforms": ["WRK_calf_r"], "controllers": [], "poses": {"default": {"drivers": [[0.999345177313514, -0.036179152711473525, 0.0005343119883314523, 0.0, 0.03618309685314552, 0.999239883991606, -0.014506472436734119, 0.0, -9.073967642259522e-06, 0.014516306331905262, 0.9998946328329514, 0.0, 45.2316474710083, 4.327001308812584e-06, 1.8750177233073373e-07, 1.0]], "controllers": [], "driven": {"WRK_calf_r": [1.0, 0.0, 0.0, 0.0, 0.0, 1.0, 0.0, 0.0, 0.0, 0.0, 1.0, 0.0, 0.0, 0.0, 0.0, 1.0]}, "function_type": "DefaultFunctionType", "scale_factor": 1.0, "distance_method": "DefaultMethod", "target_enable": true, "blendshape_data": []}, "calf_r_back_50": {"drivers": [[0.6427876174094399, -0.7660444366386949, 1.734723475976807e-18, 2.218023911302809e-18, 0.7660444366386951, 0.64278761740944, 3.469446951953614e-18, 2.670054285372591e-18, -1.0842021724855044e-19, 5.204170427930421e-18, 0.9999999999999998, 8.854466005426303e-23, 0.0, 0.0, -1.6263032587282567e-19, 1.0]], "controllers": [], "driven": {"WRK_calf_r": [1.0, 0.0, 0.0, 0.0, 0.0, 1.0, 0.0, 0.0, 0.0, 0.0, 1.0, 0.0, 0.0, 0.0, 0.0, 1.0]}, "function_type": "DefaultFunctionType", "scale_factor": 1.0, "distance_method": "DefaultMethod", "target_enable": true, "blendshape_data": []}, "calf_r_back_90": {"drivers": [[2.5285627541435374e-17, -1.0, -1.734723475976807e-18, -1.7172954863397086e-20, 1.0000000000000002, 7.187582777221091e-17, -2.168404344971009e-19, 3.471098536136479e-18, -1.0842021724855044e-19, 5.204170427930421e-18, 0.9999999999999998, 8.854466005426303e-23, 0.0, 0.0, -1.6263032587282567e-19, 1.0]], "controllers": [], "driven": {"WRK_calf_r": [1.0, 0.0, 0.0, 0.0, 0.0, 1.0, 0.0, 0.0, 0.0, 0.0, 1.0, 0.0, 0.0, 0.0, 0.0, 1.0]}, "function_type": "DefaultFunctionType", "scale_factor": 1.0, "distance_method": "DefaultMethod", "target_enable": true, "blendshape_data": []}, "calf_r_back_120": {"drivers": [[-0.4999999865388272, -0.8660254115562506, -1.734723475976807e-18, -1.7504214366463926e-18, 0.8660254115562506, -0.49999998653882693, 0.0, 2.9974730611093617e-18, -1.0842021724855044e-19, 5.204170427930421e-18, 0.9999999999999998, 8.854466005426303e-23, 0.0, 0.0, -1.6263032587282567e-19, 1.0]], "controllers": [], "driven": {"WRK_calf_r": [1.0, 0.0, 0.0, 0.0, 0.0, 1.0, 0.0, 0.0, 0.0, 0.0, 1.0, 0.0, 0.0, 0.0, 0.0, 1.0]}, "function_type": "DefaultFunctionType", "scale_factor": 1.0, "distance_method": "DefaultMethod", "target_enable": true, "blendshape_data": []}, "calf_r_back_150": {"drivers": [[-0.8660254016890689, -0.5000000036292871, -1.734723475976807e-18, -3.0146459815539576e-18, 0.5000000036292872, -0.8660254016890689, -1.734723475976807e-18, 1.7206770655320908e-18, -1.0842021724855044e-19, 5.204170427930421e-18, 0.9999999999999998, 8.854466005426303e-23, 0.0, 0.0, -1.6263032587282567e-19, 1.0]], "controllers": [], "driven": {"WRK_calf_r": [1.0, 0.0, 0.0, 0.0, 0.0, 1.0, 0.0, 0.0, 0.0, 0.0, 1.0, 0.0, 0.0, 0.0, 0.0, 1.0]}, "function_type": "DefaultFunctionType", "scale_factor": 1.0, "distance_method": "DefaultMethod", "target_enable": true, "blendshape_data": []}}, "driven_attrs": [[], [], [], [], []], "mode": "Interpolative", "radius": 45.0, "automaticRadius": false, "weightThreshold": 0.0010000000474974513, "distanceMethod": "Quaternion", "normalizeMethod": "AlwaysNormalize", "functionType": "Gaussian", "twistAxis": "X-Axis", "inputMode": "Rotation"}, "WRK_lowerarm_l_UERBFSolver": {"solver_name": "WRK_lowerarm_l_UERBFSolver", "drivers": ["lowerarm_l"], "driven_transforms": ["WRK_lowerarm_l"], "controllers": [], "poses": {"default": {"drivers": [[0.9399614970507403, -0.34102787816424157, -0.01312898994312783, 0.0, 0.3410139684658969, 0.9400522484252128, -0.0033531391026557418, 0.0, 0.013485450428957563, -0.0013253473117032031, 0.9999081888259697, 0.0, 27.552789677089017, 1.0004743700164909e-09, 1.4883028143231058e-08, 1.0]], "controllers": [], "driven": {"WRK_lowerarm_l": [1.0, 0.0, 0.0, 0.0, 0.0, 1.0, 0.0, 0.0, 0.0, 0.0, 1.0, 0.0, 0.0, 0.0, 0.0, 1.0]}, "function_type": "DefaultFunctionType", "scale_factor": 1.0, "distance_method": "DefaultMethod", "target_enable": true, "blendshape_data": []}, "lowerarm_l_in_30": {"drivers": [[0.8660254037844389, -0.5, 1.734723475976807e-18, 0.0, 0.5, 0.8660254037844386, 1.734723475976807e-18, 0.0, -1.734723475976807e-18, 0.0, 1.0000000000000002, 0.0, 7.105427357601002e-15, 5.329070518200751e-15, 0.0, 1.0]], "controllers": [], "driven": {"WRK_lowerarm_l": [1.0, 0.0, 0.0, 0.0, 0.0, 1.0, 0.0, 0.0, 0.0, 0.0, 1.0, 0.0, 0.0, 0.0, 0.0, 1.0]}, "function_type": "DefaultFunctionType", "scale_factor": 1.0, "distance_method": "DefaultMethod", "target_enable": true, "blendshape_data": []}, "lowerarm_l_in_60": {"drivers": [[0.5, -0.8660254037844386, 0.0, 0.0, 0.8660254037844389, 0.5000000000000001, 0.0, 0.0, -1.734723475976807e-18, 0.0, 1.0000000000000002, 0.0, 7.105427357601002e-15, 5.329070518200751e-15, 0.0, 1.0]], "controllers": [], "driven": {"WRK_lowerarm_l": [1.0, 0.0, 0.0, 0.0, 0.0, 1.0, 0.0, 0.0, 0.0, 0.0, 1.0, 0.0, 0.0, 0.0, 0.0, 1.0]}, "function_type": "DefaultFunctionType", "scale_factor": 1.0, "distance_method": "DefaultMethod", "target_enable": true, "blendshape_data": []}, "lowerarm_l_in_90": {"drivers": [[-1.2307049910426082e-16, -1.0, -8.673617379884035e-19, 0.0, 1.0000000000000002, 6.757290040015906e-17, 3.469446951953614e-18, 0.0, -1.734723475976807e-18, 0.0, 1.0000000000000002, 0.0, 7.105427357601002e-15, 5.329070518200751e-15, 0.0, 1.0]], "controllers": [], "driven": {"WRK_lowerarm_l": [1.0, 0.0, 0.0, 0.0, 0.0, 1.0, 0.0, 0.0, 0.0, 0.0, 1.0, 0.0, 0.0, 0.0, 0.0, 1.0]}, "function_type": "DefaultFunctionType", "scale_factor": 1.0, "distance_method": "DefaultMethod", "target_enable": true, "blendshape_data": []}, "lowerarm_l_in_110": {"drivers": [[-0.3420201433256689, -0.9396926207859084, -1.734723475976807e-18, 0.0, 0.9396926207859083, -0.3420201433256688, 0.0, 0.0, -1.734723475976807e-18, 0.0, 1.0000000000000002, 0.0, 7.105427357601002e-15, 5.329070518200751e-15, 0.0, 1.0]], "controllers": [], "driven": {"WRK_lowerarm_l": [1.0, 0.0, 0.0, 0.0, 0.0, 1.0, 0.0, 0.0, 0.0, 0.0, 1.0, 0.0, 0.0, 0.0, 0.0, 1.0]}, "function_type": "DefaultFunctionType", "scale_factor": 1.0, "distance_method": "DefaultMethod", "target_enable": true, "blendshape_data": []}}, "driven_attrs": [[], [], [], [], []], "mode": "Interpolative", "radius": 45.0, "automaticRadius": false, "weightThreshold": 0.0010000000474974513, "distanceMethod": "Quaternion", "normalizeMethod": "AlwaysNormalize", "functionType": "Gaussian", "twistAxis": "X-Axis", "inputMode": "Rotation"}, "WRK_lowerarm_r_UERBFSolver": {"solver_name": "WRK_lowerarm_r_UERBFSolver", "drivers": ["lowerarm_r"], "driven_transforms": ["WRK_lowerarm_r"], "controllers": [], "poses": {"default": {"drivers": [[0.9399614970485363, -0.34102787817360325, -0.013128989857772529, 0.0, 0.3410139684754362, 0.9400522484218288, -0.0033531390811520545, 0.0, 0.013485450341372718, -0.0013253473029411229, 0.9999081888271627, 0.0, -27.55317681620653, 4.700069426277764e-05, 0.0003670812976537263, 1.0]], "controllers": [], "driven": {"WRK_lowerarm_r": [1.0, 0.0, 0.0, 0.0, 0.0, 1.0, 0.0, 0.0, 0.0, 0.0, 1.0, 0.0, 0.0, 0.0, 0.0, 1.0]}, "function_type": "DefaultFunctionType", "scale_factor": 1.0, "distance_method": "DefaultMethod", "target_enable": true, "blendshape_data": []}, "lowerarm_r_in_30": {"drivers": [[0.866025403784439, -0.4999999999999992, 1.2904784563866345e-08, 0.0, 0.4999999999999993, 0.8660254037844387, 2.926739572396697e-08, 0.0, -2.5809569119059073e-08, -1.889391591618217e-08, 0.9999999999999994, 0.0, -3.552713678800501e-15, 0.0, 5.551115123125783e-17, 1.0]], "controllers": [], "driven": {"WRK_lowerarm_r": [1.0, 0.0, 0.0, 0.0, 0.0, 1.0, 0.0, 0.0, 0.0, 0.0, 1.0, 0.0, 0.0, 0.0, 0.0, 1.0]}, "function_type": "DefaultFunctionType", "scale_factor": 1.0, "distance_method": "DefaultMethod", "target_enable": true, "blendshape_data": []}, "lowerarm_r_in_60": {"drivers": [[0.5000000000000003, -0.8660254037844379, 2.235174252152375e-08, 0.0, 0.8660254037844358, 0.5000000000000008, 6.452392280198449e-08, 0.0, -6.705522755633131e-08, -1.2904784559529536e-08, 0.9999999999999974, 0.0, -3.552713678800501e-15, 0.0, 5.551115123125783e-17, 1.0]], "controllers": [], "driven": {"WRK_lowerarm_r": [1.0, 0.0, 0.0, 0.0, 0.0, 1.0, 0.0, 0.0, 0.0, 0.0, 1.0, 0.0, 0.0, 0.0, 0.0, 1.0]}, "function_type": "DefaultFunctionType", "scale_factor": 1.0, "distance_method": "DefaultMethod", "target_enable": true, "blendshape_data": []}, "lowerarm_r_in_90": {"drivers": [[-2.399474932981982e-16, -0.9999999999999996, 2.5809569119492753e-08, 0.0, 0.9999999999999972, 2.3636759324992263e-15, 7.742870736411611e-08, 0.0, -7.742870735717722e-08, 2.5809569120360115e-08, 0.9999999999999964, 0.0, -3.552713678800501e-15, 0.0, 5.551115123125783e-17, 1.0]], "controllers": [], "driven": {"WRK_lowerarm_r": [1.0, 0.0, 0.0, 0.0, 0.0, 1.0, 0.0, 0.0, 0.0, 0.0, 1.0, 0.0, 0.0, 0.0, 0.0, 1.0]}, "function_type": "DefaultFunctionType", "scale_factor": 1.0, "distance_method": "DefaultMethod", "target_enable": true, "blendshape_data": []}, "lowerarm_r_in_110": {"drivers": [[-0.34202014332566893, -0.939692620785908, 2.4253061647536156e-08, 0.0, 0.9396926207859058, -0.3420201433256652, 8.625609989286465e-08, 0.0, -7.275918494087374e-08, 5.2291746709207804e-08, 0.999999999999996, 0.0, -3.552713678800501e-15, 0.0, 5.551115123125783e-17, 1.0]], "controllers": [], "driven": {"WRK_lowerarm_r": [1.0, 0.0, 0.0, 0.0, 0.0, 1.0, 0.0, 0.0, 0.0, 0.0, 1.0, 0.0, 0.0, 0.0, 0.0, 1.0]}, "function_type": "DefaultFunctionType", "scale_factor": 1.0, "distance_method": "DefaultMethod", "target_enable": true, "blendshape_data": []}}, "driven_attrs": [[], [], [], [], []], "mode": "Interpolative", "radius": 45.0, "automaticRadius": false, "weightThreshold": 0.0010000000474974513, "distanceMethod": "Quaternion", "normalizeMethod": "AlwaysNormalize", "functionType": "Gaussian", "twistAxis": "X-Axis", "inputMode": "Rotation"}, "WRK_thigh_l_UERBFSolver": {"solver_name": "WRK_thigh_l_UERBFSolver", "drivers": ["thigh_l"], "driven_transforms": ["WRK_thigh_l"], "controllers": [], "poses": {"default": {"drivers": [[0.9934308018704535, 0.11442245691192406, 0.0016562757217634732, 0.0, -0.11443444344877361, 0.9933276130611229, 0.014318215072483851, 0.0, -6.899062083454144e-06, -0.014413690871228967, 0.9998961173381326, 0.0, 1.7498932322723704e-05, 0.004654303271435012, -9.580552101, 1.0]], "controllers": [], "driven": {"WRK_thigh_l": [1.0, 0.0, 0.0, 0.0, 0.0, 1.0, 0.0, 0.0, 0.0, 0.0, 1.0, 0.0, 0.0, 0.0, 0.0, 1.0]}, "function_type": "DefaultFunctionType", "scale_factor": 1.0, "distance_method": "DefaultMethod", "target_enable": true, "blendshape_data": []}, "thigh_l_fwd_10": {"drivers": [[0.9848077530122079, 0.17364817766693028, 8.500145032286355e-17, 4.79763058432925e-21, -0.17364817766693044, 0.9848077530122078, 3.469446951953614e-18, 1.608763190280063e-20, 1.3877787807814457e-17, -2.7755575615628914e-17, 1.0, -1.387947161799784e-17, -4.440892098500626e-16, 0.0, 0.0, 1.0]], "controllers": [], "driven": {"WRK_thigh_l": [1.0, 0.0, 0.0, 0.0, 0.0, 1.0, 0.0, 0.0, 0.0, 0.0, 1.0, 0.0, 0.0, 0.0, 0.0, 1.0]}, "function_type": "DefaultFunctionType", "scale_factor": 1.0, "distance_method": "DefaultMethod", "target_enable": true, "blendshape_data": []}, "thigh_l_fwd_45": {"drivers": [[0.7071067811865476, 0.7071067811865475, 3.122502256758253e-17, 1.3157475477033028e-20, -0.7071067811865476, 0.7071067811865475, -8.500145032286355e-17, 1.04264087074601e-20, 2.7755575615628914e-17, 1.734723475976807e-18, 1.0, -1.387947161799784e-17, -4.440892098500626e-16, 0.0, 0.0, 1.0]], "controllers": [], "driven": {"WRK_thigh_l": [1.0, 0.0, 0.0, 0.0, 0.0, 1.0, 0.0, 0.0, 0.0, 0.0, 1.0, 0.0, 0.0, 0.0, 0.0, 1.0]}, "function_type": "DefaultFunctionType", "scale_factor": 1.0, "distance_method": "DefaultMethod", "target_enable": true, "blendshape_data": []}, "thigh_l_fwd_90": {"drivers": [[2.0345731393048294e-17, 0.9999999999999997, -5.204170427930421e-17, 1.6676324433573447e-20, -1.0, 1.3095806990909287e-16, -8.998878031629687e-17, -1.931155832638139e-21, 2.7755575615628914e-17, 1.734723475976807e-18, 1.0, -1.387947161799784e-17, -4.440892098500626e-16, 0.0, 0.0, 1.0]], "controllers": [], "driven": {"WRK_thigh_l": [1.0, 0.0, 0.0, 0.0, 0.0, 1.0, 0.0, 0.0, 0.0, 0.0, 1.0, 0.0, 0.0, 0.0, 0.0, 1.0]}, "function_type": "DefaultFunctionType", "scale_factor": 1.0, "distance_method": "DefaultMethod", "target_enable": true, "blendshape_data": []}, "thigh_l_fwd_110": {"drivers": [[-0.3420201433256692, 0.9396926207859082, -5.0306980803327406e-17, 1.5010124817397222e-20, -0.9396926207859086, -0.34202014332566893, -2.949029909160572e-17, -7.5183317584344e-21, 1.3877787807814457e-17, -2.7755575615628914e-17, 1.0, -1.387947161799784e-17, -4.440892098500626e-16, 0.0, 0.0, 1.0]], "controllers": [], "driven": {"WRK_thigh_l": [1.0, 0.0, 0.0, 0.0, 0.0, 1.0, 0.0, 0.0, 0.0, 0.0, 1.0, 0.0, 0.0, 0.0, 0.0, 1.0]}, "function_type": "DefaultFunctionType", "scale_factor": 1.0, "distance_method": "DefaultMethod", "target_enable": true, "blendshape_data": []}}, "driven_attrs": [[], [], [], [], []], "mode": "Interpolative", "radius": 45.0, "automaticRadius": false, "weightThreshold": 0.0010000000474974513, "distanceMethod": "Quaternion", "normalizeMethod": "AlwaysNormalize", "functionType": "Gaussian", "twistAxis": "X-Axis", "inputMode": "Rotation"}, "WRK_thigh_r_UERBFSolver": {"solver_name": "WRK_thigh_r_UERBFSolver", "drivers": ["thigh_r"], "driven_transforms": ["WRK_thigh_r"], "controllers": [], "poses": {"default": {"drivers": [[-0.9934308018704531, -0.11442245691192474, 0.001656275721815385, 0.0, 0.11443444344877501, -0.993327613061122, 0.014318215072502777, 0.0, 6.899062132843126e-06, 0.014413690871253703, 0.9998961173381313, 0.0, 3.257553673563507e-05, 0.004656236633568511, 9.580550194, 1.0]], "controllers": [], "driven": {"WRK_thigh_r": [1.0, 0.0, 0.0, 0.0, 0.0, 1.0, 0.0, 0.0, 0.0, 0.0, 1.0, 0.0, 0.0, 0.0, 0.0, 1.0]}, "function_type": "DefaultFunctionType", "scale_factor": 1.0, "distance_method": "DefaultMethod", "target_enable": true, "blendshape_data": []}, "thigh_r_fwd_10": {"drivers": [[0.9848077530122077, 0.1736481776669303, -2.7668839441830073e-16, 0.0, -0.1736481776669302, 0.9848077530122084, -1.734723475976807e-18, 0.0, 2.0599841277224584e-17, 0.0, 0.9999999999999998, 0.0, 4.40619762898109e-16, -2.7755575615628914e-17, -1.7763568394002505e-15, 1.0]], "controllers": [], "driven": {"WRK_thigh_r": [1.0, 0.0, 0.0, 0.0, 0.0, 1.0, 0.0, 0.0, 0.0, 0.0, 1.0, 0.0, 0.0, 0.0, 0.0, 1.0]}, "function_type": "DefaultFunctionType", "scale_factor": 1.0, "distance_method": "DefaultMethod", "target_enable": true, "blendshape_data": []}, "thigh_r_fwd_45": {"drivers": [[0.7071067811865477, 0.7071067811865476, -2.203098814490545e-16, 0.0, -0.7071067811865475, 0.7071067811865479, 1.3877787807814457e-16, 0.0, 1.3877787807814457e-17, -2.7755575615628914e-17, 0.9999999999999998, 0.0, 4.40619762898109e-16, -2.7755575615628914e-17, -1.7763568394002505e-15, 1.0]], "controllers": [], "driven": {"WRK_thigh_r": [1.0, 0.0, 0.0, 0.0, 0.0, 1.0, 0.0, 0.0, 0.0, 0.0, 1.0, 0.0, 0.0, 0.0, 0.0, 1.0]}, "function_type": "DefaultFunctionType", "scale_factor": 1.0, "distance_method": "DefaultMethod", "target_enable": true, "blendshape_data": []}, "thigh_r_fwd_90": {"drivers": [[-6.529946396972852e-17, 0.9999999999999998, 2.7755575615628914e-17, 0.0, -0.9999999999999993, -4.112175552330177e-17, 3.189722791452354e-16, 0.0, 3.491130995403324e-17, 2.7755575615628914e-17, 0.9999999999999998, 0.0, 4.40619762898109e-16, -2.7755575615628914e-17, -1.7763568394002505e-15, 1.0]], "controllers": [], "driven": {"WRK_thigh_r": [1.0, 0.0, 0.0, 0.0, 0.0, 1.0, 0.0, 0.0, 0.0, 0.0, 1.0, 0.0, 0.0, 0.0, 0.0, 1.0]}, "function_type": "DefaultFunctionType", "scale_factor": 1.0, "distance_method": "DefaultMethod", "target_enable": true, "blendshape_data": []}, "thigh_r_fwd_110": {"drivers": [[-0.34202014332566866, 0.9396926207859083, 8.500145032286355e-17, 0.0, -0.939692620785908, -0.3420201433256688, 2.7755575615628914e-16, 0.0, 4.85722573273506e-17, 0.0, 0.9999999999999998, 0.0, 4.40619762898109e-16, -2.7755575615628914e-17, -1.7763568394002505e-15, 1.0]], "controllers": [], "driven": {"WRK_thigh_r": [1.0, 0.0, 0.0, 0.0, 0.0, 1.0, 0.0, 0.0, 0.0, 0.0, 1.0, 0.0, 0.0, 0.0, 0.0, 1.0]}, "function_type": "DefaultFunctionType", "scale_factor": 1.0, "distance_method": "DefaultMethod", "target_enable": true, "blendshape_data": []}}, "driven_attrs": [[], [], [], [], []], "mode": "Interpolative", "radius": 45.0, "automaticRadius": false, "weightThreshold": 0.0010000000474974513, "distanceMethod": "Quaternion", "normalizeMethod": "AlwaysNormalize", "functionType": "Gaussian", "twistAxis": "X-Axis", "inputMode": "Rotation"}, "WRK_upperarm_l_UERBFSolver": {"solver_name": "WRK_upperarm_l_UERBFSolver", "drivers": ["upperarm_l"], "driven_transforms": ["WRK_upperarm_l"], "controllers": [], "poses": {"default": {"drivers": [[0.8005724539568834, -0.16714480315768876, -0.57545317858435, 0.0, 0.24283969307157777, 0.9684164227495392, 0.05655542076484346, 0.0, 0.5478253639932679, -0.18501958525076212, 0.8158769047100674, 0.0, 14.366632453664845, 3.2051472587113494e-09, 6.26802147962735e-08, 1.0]], "controllers": [], "driven": {"WRK_upperarm_l": [1.0, 0.0, 0.0, 0.0, 0.0, 1.0, 0.0, 0.0, 0.0, 0.0, 1.0, 0.0, 0.0, 0.0, 0.0, 1.0]}, "function_type": "DefaultFunctionType", "scale_factor": 1.0, "distance_method": "DefaultMethod", "target_enable": true, "blendshape_data": []}, "upperarm_l_out_15": {"drivers": [[0.9659258262890682, -4.163336342344337e-17, 0.2588190451025206, 0.0, 2.0816681711721685e-17, 0.9999999999999999, -5.551115123125783e-17, 0.0, -0.2588190451025206, 6.938893903907228e-18, 0.9659258262890681, 0.0, -1.7763568394002505e-15, 4.440892098500626e-16, -8.881784197001252e-16, 1.0]], "controllers": [], "driven": {"WRK_upperarm_l": [1.0, 0.0, 0.0, 0.0, 0.0, 1.0, 0.0, 0.0, 0.0, 0.0, 1.0, 0.0, 0.0, 0.0, 0.0, 1.0]}, "function_type": "DefaultFunctionType", "scale_factor": 1.0, "distance_method": "DefaultMethod", "target_enable": true, "blendshape_data": []}, "upperarm_l_out_55": {"drivers": [[0.5735764363510464, -2.42861286636753e-17, 0.8191520442889916, 0.0, 6.938893903907228e-18, 0.9999999999999999, -3.469446951953614e-17, 0.0, -0.8191520442889917, -1.3877787807814457e-17, 0.573576436351046, 0.0, -1.7763568394002505e-15, 4.440892098500626e-16, -8.881784197001252e-16, 1.0]], "controllers": [], "driven": {"WRK_upperarm_l": [1.0, 0.0, 0.0, 0.0, 0.0, 1.0, 0.0, 0.0, 0.0, 0.0, 1.0, 0.0, 0.0, 0.0, 0.0, 1.0]}, "function_type": "DefaultFunctionType", "scale_factor": 1.0, "distance_method": "DefaultMethod", "target_enable": true, "blendshape_data": []}, "upperarm_l_out_85": {"drivers": [[0.08715574274765842, 3.469446951953614e-17, 0.9961946980917452, 0.0, 6.938893903907228e-18, 0.9999999999999999, -3.469446951953614e-17, 0.0, -0.9961946980917454, -4.163336342344337e-17, 0.08715574274765814, 0.0, -1.7763568394002505e-15, 4.440892098500626e-16, -8.881784197001252e-16, 1.0]], "controllers": [], "driven": {"WRK_upperarm_l": [1.0, 0.0, 0.0, 0.0, 0.0, 1.0, 0.0, 0.0, 0.0, 0.0, 1.0, 0.0, 0.0, 0.0, 0.0, 1.0]}, "function_type": "DefaultFunctionType", "scale_factor": 1.0, "distance_method": "DefaultMethod", "target_enable": true, "blendshape_data": []}, "upperarm_l_out_110": {"drivers": [[-0.3420201433256687, 3.469446951953614e-17, 0.9396926207859081, 0.0, 6.938893903907228e-18, 0.9999999999999999, -3.469446951953614e-17, 0.0, -0.9396926207859083, 5.204170427930421e-18, -0.342020143325669, 0.0, -1.7763568394002505e-15, 4.440892098500626e-16, -8.881784197001252e-16, 1.0]], "controllers": [], "driven": {"WRK_upperarm_l": [1.0, 0.0, 0.0, 0.0, 0.0, 1.0, 0.0, 0.0, 0.0, 0.0, 1.0, 0.0, 0.0, 0.0, 0.0, 1.0]}, "function_type": "DefaultFunctionType", "scale_factor": 1.0, "distance_method": "DefaultMethod", "target_enable": true, "blendshape_data": []}, "upperarm_l_in_90": {"drivers": [[1.3877787807814457e-16, -0.9999999999999999, 1.8041124150158794e-16, 0.0, 0.7071067811865475, 1.5265566588595902e-16, 0.7071067811865478, 0.0, -0.7071067811865479, 6.245004513516506e-17, 0.7071067811865472, 0.0, 7.105427357601002e-15, -2.4868995751603507e-14, 7.105427357601002e-15, 1.0]], "controllers": [], "driven": {"WRK_upperarm_l": [1.0, 0.0, 0.0, 0.0, 0.0, 1.0, 0.0, 0.0, 0.0, 0.0, 1.0, 0.0, 0.0, 0.0, 0.0, 1.0]}, "function_type": "DefaultFunctionType", "scale_factor": 1.0, "distance_method": "DefaultMethod", "target_enable": true, "blendshape_data": []}, "upperarm_l_in_120": {"drivers": [[-0.3535533905932735, -0.8660254037844388, -0.35355339059327306, 0.0, 0.6123724356957944, -0.4999999999999995, 0.6123724356957952, 0.0, -0.7071067811865479, 5.759281940243e-16, 0.7071067811865471, 0.0, -5.329070518200751e-15, -2.220446049250313e-14, -1.7763568394002505e-15, 1.0]], "controllers": [], "driven": {"WRK_upperarm_l": [1.0, 0.0, 0.0, 0.0, 0.0, 1.0, 0.0, 0.0, 0.0, 0.0, 1.0, 0.0, 0.0, 0.0, 0.0, 1.0]}, "function_type": "DefaultFunctionType", "scale_factor": 1.0, "distance_method": "DefaultMethod", "target_enable": true, "blendshape_data": []}}, "driven_attrs": [[], [], [], [], [], [], []], "mode": "Interpolative", "radius": 45.0, "automaticRadius": false, "weightThreshold": 0.0010000000474974513, "distanceMethod": "Quaternion", "normalizeMethod": "AlwaysNormalize", "functionType": "Gaussian", "twistAxis": "X-Axis", "inputMode": "Rotation"}, "WRK_upperarm_r_UERBFSolver": {"solver_name": "WRK_upperarm_r_UERBFSolver", "drivers": ["upperarm_r"], "driven_transforms": ["WRK_upperarm_r"], "controllers": [], "poses": {"default": {"drivers": [[0.8005724539007715, -0.1671448031888791, -0.5754531786533534, 0.0, 0.24283969313134895, 0.9684164227342803, 0.056555420769479225, 0.0, 0.5478253640487721, -0.1850195853024522, 0.8158769046610762, 0.0, -14.366527653339046, -3.651493117384774e-05, -0.0007300760424868713, 1.0]], "controllers": [], "driven": {"WRK_upperarm_r": [1.0, 0.0, 0.0, 0.0, 0.0, 1.0, 0.0, 0.0, 0.0, 0.0, 1.0, 0.0, 0.0, 0.0, 0.0, 1.0]}, "function_type": "DefaultFunctionType", "scale_factor": 1.0, "distance_method": "DefaultMethod", "target_enable": true, "blendshape_data": []}, "upperarm_r_out_15": {"drivers": [[0.9659258262890685, 7.979727989493313e-17, 0.25881904510252063, -1.5454145724343907e-17, 9.71445146547012e-17, 0.9999999999999998, 7.632783294297951e-17, -1.2977109651427565e-18, -0.25881904510252085, 6.938893903907228e-18, 0.9659258262890684, 1.798842619075101e-18, -3.552713678800501e-15, -4.440892098500626e-16, -8.881784197001252e-16, 1.0]], "controllers": [], "driven": {"WRK_upperarm_r": [1.0, 0.0, 0.0, 0.0, 0.0, 1.0, 0.0, 0.0, 0.0, 0.0, 1.0, 0.0, 0.0, 0.0, 0.0, 1.0]}, "function_type": "DefaultFunctionType", "scale_factor": 1.0, "distance_method": "DefaultMethod", "target_enable": true, "blendshape_data": []}, "upperarm_r_out_55": {"drivers": [[0.5735764363510463, 4.85722573273506e-17, 0.8191520442889919, -1.0682288707967005e-17, 8.326672684688674e-17, 0.9999999999999998, 9.71445146547012e-17, -1.2977109651427565e-18, -0.8191520442889919, -6.245004513516506e-17, 0.573576436351046, 1.1311726782286541e-17, -3.552713678800501e-15, -4.440892098500626e-16, -8.881784197001252e-16, 1.0]], "controllers": [], "driven": {"WRK_upperarm_r": [1.0, 0.0, 0.0, 0.0, 0.0, 1.0, 0.0, 0.0, 0.0, 0.0, 1.0, 0.0, 0.0, 0.0, 0.0, 1.0]}, "function_type": "DefaultFunctionType", "scale_factor": 1.0, "distance_method": "DefaultMethod", "target_enable": true, "blendshape_data": []}, "upperarm_r_out_85": {"drivers": [[0.08715574274765836, 4.85722573273506e-17, 0.9961946980917455, -3.595270000515807e-18, 6.245004513516506e-17, 0.9999999999999998, 6.245004513516506e-17, -1.2977109651427562e-18, -0.9961946980917458, -4.85722573273506e-17, 0.08715574274765803, 1.5137387108112453e-17, -3.552713678800501e-15, -4.440892098500626e-16, -8.881784197001252e-16, 1.0]], "controllers": [], "driven": {"WRK_upperarm_r": [1.0, 0.0, 0.0, 0.0, 0.0, 1.0, 0.0, 0.0, 0.0, 0.0, 1.0, 0.0, 0.0, 0.0, 0.0, 1.0]}, "function_type": "DefaultFunctionType", "scale_factor": 1.0, "distance_method": "DefaultMethod", "target_enable": true, "blendshape_data": []}, "upperarm_r_out_110": {"drivers": [[-0.3420201433256692, 3.469446951953614e-17, 0.9396926207859082, 3.1389150289598302e-18, 6.245004513516506e-17, 0.9999999999999998, 6.245004513516506e-17, -1.2977109651427562e-18, -0.9396926207859084, -2.949029909160572e-17, -0.3420201433256689, 1.523855856957698e-17, -3.552713678800501e-15, -4.440892098500626e-16, -8.881784197001252e-16, 1.0]], "controllers": [], "driven": {"WRK_upperarm_r": [1.0, 0.0, 0.0, 0.0, 0.0, 1.0, 0.0, 0.0, 0.0, 0.0, 1.0, 0.0, 0.0, 0.0, 0.0, 1.0]}, "function_type": "DefaultFunctionType", "scale_factor": 1.0, "distance_method": "DefaultMethod", "target_enable": true, "blendshape_data": []}, "upperarm_r_in_90": {"drivers": [[-1.6653345369377348e-16, -0.9999999999999997, -4.85722573273506e-17, 1.2977109651427575e-18, 0.7071067811865476, -2.5153490401663703e-16, 0.7071067811865479, -1.2484261481530938e-17, -0.7071067811865477, 7.632783294297951e-17, 0.7071067811865476, 9.284916267701123e-18, 2.1316282072803006e-14, 3.019806626980426e-14, 1.509903313490213e-14, 1.0]], "controllers": [], "driven": {"WRK_upperarm_r": [1.0, 0.0, 0.0, 0.0, 0.0, 1.0, 0.0, 0.0, 0.0, 0.0, 1.0, 0.0, 0.0, 0.0, 0.0, 1.0]}, "function_type": "DefaultFunctionType", "scale_factor": 1.0, "distance_method": "DefaultMethod", "target_enable": true, "blendshape_data": []}, "upperarm_r_in_120": {"drivers": [[-0.35355339059327434, -0.8660254037844379, -0.35355339059327395, 7.365981403348723e-18, 0.6123724356957944, -0.5000000000000003, 0.6123724356957947, -1.016283210792196e-17, -0.7071067811865476, 3.469446951953614e-16, 0.7071067811865476, 9.284916267701121e-18, 3.552713678800501e-14, 2.6201263381153694e-14, 2.3092638912203256e-14, 1.0]], "controllers": [], "driven": {"WRK_upperarm_r": [1.0, 0.0, 0.0, 0.0, 0.0, 1.0, 0.0, 0.0, 0.0, 0.0, 1.0, 0.0, 0.0, 0.0, 0.0, 1.0]}, "function_type": "DefaultFunctionType", "scale_factor": 1.0, "distance_method": "DefaultMethod", "target_enable": true, "blendshape_data": []}}, "driven_attrs": [[], [], [], [], [], [], []], "mode": "Interpolative", "radius": 45.0, "automaticRadius": false, "weightThreshold": 0.0010000000474974513, "distanceMethod": "Quaternion", "normalizeMethod": "AlwaysNormalize", "functionType": "Gaussian", "twistAxis": "X-Axis", "inputMode": "Rotation"}}, "metadata": {"version": "1.2.0", "copyright": "Copyright Epic Games, Inc. All Rights Reserved", "serializer_params": {"delta": true}}}