{"solvers": {"WRK_calf_l_UERBFSolver": {"solver_name": "WRK_calf_l_UERBFSolver", "drivers": ["calf_l"], "driven_transforms": ["WRK_calf_l"], "controllers": [], "poses": {"default": {"drivers": [[0.9995732754484162, -0.02920752356449594, 0.000433101089450426, 0.0, 0.029210733078568567, 0.9994679571740692, -0.014509846839448287, 0.0, -9.073967642468308e-06, 0.014516306331882145, 0.9998946328329509, 0.0, -46.70649714480203, -3.32224128651859e-07, 0.0002932223996765515, 1.0]], "controllers": [], "driven": {"WRK_calf_l": [1.0, 0.0, 0.0, 0.0, 0.0, 1.0, 0.0, 0.0, 0.0, 0.0, 1.0, 0.0, 0.0, 0.0, 0.0, 1.0]}, "function_type": "DefaultFunctionType", "scale_factor": 1.0, "distance_method": "DefaultMethod", "target_enable": true, "blendshape_data": []}, "calf_l_back_50": {"drivers": [[0.6427876174094397, -0.7660444366386948, -1.7330433295958312e-18, -2.3433006377090233e-18, 0.7660444366386948, 0.6427876174094396, 1.7365840988454083e-18, -2.5950112465776086e-18, 1.0842021724855044e-19, -5.204170427930421e-18, 1.0000000000000002, 0.0, 0.0, -4.440892098500626e-16, -1.0842021724855044e-19, 1.0]], "controllers": [], "driven": {"WRK_calf_l": [1.0, 0.0, 0.0, 0.0, 0.0, 1.0, 0.0, 0.0, 0.0, 0.0, 1.0, 0.0, 0.0, 0.0, 0.0, 1.0]}, "function_type": "DefaultFunctionType", "scale_factor": 1.0, "distance_method": "DefaultMethod", "target_enable": true, "blendshape_data": []}, "calf_l_back_90": {"drivers": [[2.9207658627659427e-17, -1.0, -1.7346323945295276e-18, -1.2703132055058285e-19, 0.9999999999999999, 3.989686964969523e-17, 2.505297086301412e-21, -3.494138562242626e-18, 1.0842021724855044e-19, -5.204170427930421e-18, 1.0000000000000002, 0.0, 0.0, -4.440892098500626e-16, -1.0842021724855044e-19, 1.0]], "controllers": [], "driven": {"WRK_calf_l": [1.0, 0.0, 0.0, 0.0, 0.0, 1.0, 0.0, 0.0, 0.0, 0.0, 1.0, 0.0, 0.0, 0.0, 0.0, 1.0]}, "function_type": "DefaultFunctionType", "scale_factor": 1.0, "distance_method": "DefaultMethod", "target_enable": true, "blendshape_data": []}, "calf_l_back_120": {"drivers": [[-0.4999999865388265, -0.8660254115562507, -3.4706207216151754e-18, 1.6370568824257553e-18, 0.8660254115562505, -0.49999998653882644, -8.65146546325755e-19, -3.089528444966037e-18, 1.0842021724855044e-19, -5.204170427930421e-18, 1.0000000000000002, 0.0, 0.0, -4.440892098500626e-16, -1.0842021724855044e-19, 1.0]], "controllers": [], "driven": {"WRK_calf_l": [1.0, 0.0, 0.0, 0.0, 0.0, 1.0, 0.0, 0.0, 0.0, 0.0, 1.0, 0.0, 0.0, 0.0, 0.0, 1.0]}, "function_type": "DefaultFunctionType", "scale_factor": 1.0, "distance_method": "DefaultMethod", "target_enable": true, "blendshape_data": []}, "calf_l_back_150": {"drivers": [[-0.8660254016890686, -0.5000000036292871, -1.7368475861683515e-18, 2.9624970911871108e-18, 0.500000003629287, -0.8660254016890686, -3.4681154245544044e-18, -1.8570816442094562e-18, 1.0842021724855044e-19, -5.204170427930421e-18, 1.0000000000000002, 0.0, 0.0, -4.440892098500626e-16, -1.0842021724855044e-19, 1.0]], "controllers": [], "driven": {"WRK_calf_l": [1.0, 0.0, 0.0, 0.0, 0.0, 1.0, 0.0, 0.0, 0.0, 0.0, 1.0, 0.0, 0.0, 0.0, 0.0, 1.0]}, "function_type": "DefaultFunctionType", "scale_factor": 1.0, "distance_method": "DefaultMethod", "target_enable": true, "blendshape_data": []}}, "driven_attrs": [[], [], [], [], []], "mode": "Interpolative", "radius": 45.0, "automaticRadius": false, "weightThreshold": 0.0010000000474974513, "distanceMethod": "Quaternion", "normalizeMethod": "AlwaysNormalize", "functionType": "Gaussian", "twistAxis": "X-Axis", "inputMode": "Rotation"}, "WRK_calf_r_UERBFSolver": {"solver_name": "WRK_calf_r_UERBFSolver", "drivers": ["calf_r"], "driven_transforms": ["WRK_calf_r"], "controllers": [], "poses": {"default": {"drivers": [[0.9995732754484163, -0.029207523564498038, 0.0004331010894506271, 0.0, 0.029210733078570673, 0.9994679571740699, -0.014509846839456093, 0.0, -9.073967642411281e-06, 0.014516306331889954, 0.999894632832951, 0.0, 46.7069358734965, 1.1731934867587057e-05, 2.082552619242506e-08, 1.0]], "controllers": [], "driven": {"WRK_calf_r": [1.0, 0.0, 0.0, 0.0, 0.0, 1.0, 0.0, 0.0, 0.0, 0.0, 1.0, 0.0, 0.0, 0.0, 0.0, 1.0]}, "function_type": "DefaultFunctionType", "scale_factor": 1.0, "distance_method": "DefaultMethod", "target_enable": true, "blendshape_data": []}, "calf_r_back_50": {"drivers": [[0.64278761740944, -0.7660444366386949, 0.0, 0.0, 0.7660444366386953, 0.6427876174094399, 1.734723475976807e-18, 0.0, 5.421010862427522e-20, 1.734723475976807e-18, 1.0, 0.0, 7.105427357601002e-15, 2.220446049250313e-16, -1.6263032587282567e-19, 1.0]], "controllers": [], "driven": {"WRK_calf_r": [1.0, 0.0, 0.0, 0.0, 0.0, 1.0, 0.0, 0.0, 0.0, 0.0, 1.0, 0.0, 0.0, 0.0, 0.0, 1.0]}, "function_type": "DefaultFunctionType", "scale_factor": 1.0, "distance_method": "DefaultMethod", "target_enable": true, "blendshape_data": []}, "calf_r_back_90": {"drivers": [[2.4090464052859556e-17, -1.0, -1.734723475976807e-18, 0.0, 1.0000000000000002, 7.307099126078673e-17, 0.0, 0.0, 5.421010862427522e-20, 1.734723475976807e-18, 1.0, 0.0, 7.105427357601002e-15, 2.220446049250313e-16, -1.6263032587282567e-19, 1.0]], "controllers": [], "driven": {"WRK_calf_r": [1.0, 0.0, 0.0, 0.0, 0.0, 1.0, 0.0, 0.0, 0.0, 0.0, 1.0, 0.0, 0.0, 0.0, 0.0, 1.0]}, "function_type": "DefaultFunctionType", "scale_factor": 1.0, "distance_method": "DefaultMethod", "target_enable": true, "blendshape_data": []}, "calf_r_back_120": {"drivers": [[-0.4999999865388272, -0.8660254115562506, -1.734723475976807e-18, 0.0, 0.8660254115562506, -0.49999998653882693, 0.0, 0.0, 5.421010862427522e-20, 1.734723475976807e-18, 1.0, 0.0, 7.105427357601002e-15, 2.220446049250313e-16, -1.6263032587282567e-19, 1.0]], "controllers": [], "driven": {"WRK_calf_r": [1.0, 0.0, 0.0, 0.0, 0.0, 1.0, 0.0, 0.0, 0.0, 0.0, 1.0, 0.0, 0.0, 0.0, 0.0, 1.0]}, "function_type": "DefaultFunctionType", "scale_factor": 1.0, "distance_method": "DefaultMethod", "target_enable": true, "blendshape_data": []}, "calf_r_back_150": {"drivers": [[-0.866025401689069, -0.5000000036292871, -1.734723475976807e-18, 0.0, 0.5000000036292872, -0.8660254016890688, -1.734723475976807e-18, 0.0, 5.421010862427522e-20, 1.734723475976807e-18, 1.0, 0.0, 7.105427357601002e-15, 2.220446049250313e-16, -1.6263032587282567e-19, 1.0]], "controllers": [], "driven": {"WRK_calf_r": [1.0, 0.0, 0.0, 0.0, 0.0, 1.0, 0.0, 0.0, 0.0, 0.0, 1.0, 0.0, 0.0, 0.0, 0.0, 1.0]}, "function_type": "DefaultFunctionType", "scale_factor": 1.0, "distance_method": "DefaultMethod", "target_enable": true, "blendshape_data": []}}, "driven_attrs": [[], [], [], [], []], "mode": "Interpolative", "radius": 45.0, "automaticRadius": false, "weightThreshold": 0.0010000000474974513, "distanceMethod": "Quaternion", "normalizeMethod": "AlwaysNormalize", "functionType": "Gaussian", "twistAxis": "X-Axis", "inputMode": "Rotation"}, "WRK_lowerarm_l_UERBFSolver": {"solver_name": "WRK_lowerarm_l_UERBFSolver", "drivers": ["lowerarm_l"], "driven_transforms": ["WRK_lowerarm_l"], "controllers": [], "poses": {"default": {"drivers": [[0.9387680068975485, -0.3445487641036293, -0.0008822586159574328, 0.0, 0.34454869685484407, 0.9387684175089687, -0.00023191234546723555, 0.0, 0.0009081416367471207, -8.626916608787938e-05, 0.9999995839181127, 0.0, 27.818046602491016, -3.301872553151952e-09, -3.2957075291051297e-08, 1.0]], "controllers": [], "driven": {"WRK_lowerarm_l": [1.0, 0.0, 0.0, 0.0, 0.0, 1.0, 0.0, 0.0, 0.0, 0.0, 1.0, 0.0, 0.0, 0.0, 0.0, 1.0]}, "function_type": "DefaultFunctionType", "scale_factor": 1.0, "distance_method": "DefaultMethod", "target_enable": true, "blendshape_data": []}, "lowerarm_l_in_30": {"drivers": [[0.8660254037844388, -0.49999999999999994, 0.0, 0.0, 0.4999999999999999, 0.8660254037844386, -1.0842021724855044e-19, 0.0, 1.0842021724855044e-19, 0.0, 1.0, 0.0, 7.105427357601002e-15, 5.329070518200751e-15, 0.0, 1.0]], "controllers": [], "driven": {"WRK_lowerarm_l": [1.0, 0.0, 0.0, 0.0, 0.0, 1.0, 0.0, 0.0, 0.0, 0.0, 1.0, 0.0, 0.0, 0.0, 0.0, 1.0]}, "function_type": "DefaultFunctionType", "scale_factor": 1.0, "distance_method": "DefaultMethod", "target_enable": true, "blendshape_data": []}, "lowerarm_l_in_60": {"drivers": [[0.5, -0.8660254037844387, -5.421010862427522e-20, 0.0, 0.8660254037844388, 0.5000000000000001, 2.168404344971009e-19, 0.0, 1.0842021724855044e-19, 0.0, 1.0, 0.0, 7.105427357601002e-15, 5.329070518200751e-15, 0.0, 1.0]], "controllers": [], "driven": {"WRK_lowerarm_l": [1.0, 0.0, 0.0, 0.0, 0.0, 1.0, 0.0, 0.0, 0.0, 0.0, 1.0, 0.0, 0.0, 0.0, 0.0, 1.0]}, "function_type": "DefaultFunctionType", "scale_factor": 1.0, "distance_method": "DefaultMethod", "target_enable": true, "blendshape_data": []}, "lowerarm_l_in_90": {"drivers": [[-4.672485199960937e-17, -1.0, -2.710505431213761e-20, 0.0, 1.0, -8.786219822309654e-18, 1.0842021724855044e-19, 0.0, 1.0842021724855044e-19, 0.0, 1.0, 0.0, 7.105427357601002e-15, 5.329070518200751e-15, 0.0, 1.0]], "controllers": [], "driven": {"WRK_lowerarm_l": [1.0, 0.0, 0.0, 0.0, 0.0, 1.0, 0.0, 0.0, 0.0, 0.0, 1.0, 0.0, 0.0, 0.0, 0.0, 1.0]}, "function_type": "DefaultFunctionType", "scale_factor": 1.0, "distance_method": "DefaultMethod", "target_enable": true, "blendshape_data": []}, "lowerarm_l_in_110": {"drivers": [[-0.34202014332566877, -0.9396926207859083, -1.0842021724855044e-19, 0.0, 0.9396926207859082, -0.3420201433256689, 0.0, 0.0, 1.0842021724855044e-19, 0.0, 1.0, 0.0, 7.105427357601002e-15, 5.329070518200751e-15, 0.0, 1.0]], "controllers": [], "driven": {"WRK_lowerarm_l": [1.0, 0.0, 0.0, 0.0, 0.0, 1.0, 0.0, 0.0, 0.0, 0.0, 1.0, 0.0, 0.0, 0.0, 0.0, 1.0]}, "function_type": "DefaultFunctionType", "scale_factor": 1.0, "distance_method": "DefaultMethod", "target_enable": true, "blendshape_data": []}}, "driven_attrs": [[], [], [], [], []], "mode": "Interpolative", "radius": 45.0, "automaticRadius": false, "weightThreshold": 0.0010000000474974513, "distanceMethod": "Quaternion", "normalizeMethod": "AlwaysNormalize", "functionType": "Gaussian", "twistAxis": "X-Axis", "inputMode": "Rotation"}, "WRK_lowerarm_r_UERBFSolver": {"solver_name": "WRK_lowerarm_r_UERBFSolver", "drivers": ["lowerarm_r"], "driven_transforms": ["WRK_lowerarm_r"], "controllers": [], "poses": {"default": {"drivers": [[0.9387680068975485, -0.3445487641036295, -0.0008822586159597038, 0.0, 0.34454869685484696, 0.9387684175089683, -0.00023191234251183454, 0.0, 0.0009081416357309728, -8.626916886310038e-05, 0.9999995839181134, 0.0, -27.818020875621414, -2.770105878013851e-06, -3.292010612199192e-05, 1.0]], "controllers": [], "driven": {"WRK_lowerarm_r": [1.0, 0.0, 0.0, 0.0, 0.0, 1.0, 0.0, 0.0, 0.0, 0.0, 1.0, 0.0, 0.0, 0.0, 0.0, 1.0]}, "function_type": "DefaultFunctionType", "scale_factor": 1.0, "distance_method": "DefaultMethod", "target_enable": true, "blendshape_data": []}, "lowerarm_r_in_30": {"drivers": [[0.8660254037844389, -0.49999999999999944, 1.2904784559963217e-08, 0.0, 0.4999999999999992, 0.8660254037844387, 2.9267395721256466e-08, 0.0, -2.5809569119709594e-08, -1.889391591710374e-08, 0.9999999999999996, 0.0, -3.552713678800501e-15, 0.0, 0.0, 1.0]], "controllers": [], "driven": {"WRK_lowerarm_r": [1.0, 0.0, 0.0, 0.0, 0.0, 1.0, 0.0, 0.0, 0.0, 0.0, 1.0, 0.0, 0.0, 0.0, 0.0, 1.0]}, "function_type": "DefaultFunctionType", "scale_factor": 1.0, "distance_method": "DefaultMethod", "target_enable": true, "blendshape_data": []}, "lowerarm_r_in_60": {"drivers": [[0.5000000000000002, -0.8660254037844382, 2.2351742518352457e-08, 0.0, 0.8660254037844358, 0.5000000000000008, 6.452392279927398e-08, 0.0, -6.705522755513869e-08, -1.2904784559854797e-08, 0.9999999999999976, 0.0, -3.552713678800501e-15, 0.0, 0.0, 1.0]], "controllers": [], "driven": {"WRK_lowerarm_r": [1.0, 0.0, 0.0, 0.0, 0.0, 1.0, 0.0, 0.0, 0.0, 0.0, 1.0, 0.0, 0.0, 0.0, 0.0, 1.0]}, "function_type": "DefaultFunctionType", "scale_factor": 1.0, "distance_method": "DefaultMethod", "target_enable": true, "blendshape_data": []}, "lowerarm_r_in_90": {"drivers": [[-3.019130091177542e-16, -0.9999999999999997, 2.580956911968249e-08, 0.0, 0.9999999999999971, 2.184530184690616e-15, 7.74287073592372e-08, 0.0, -7.742870735912878e-08, 2.5809569119818014e-08, 0.9999999999999966, 0.0, -3.552713678800501e-15, 0.0, 0.0, 1.0]], "controllers": [], "driven": {"WRK_lowerarm_r": [1.0, 0.0, 0.0, 0.0, 0.0, 1.0, 0.0, 0.0, 0.0, 0.0, 1.0, 0.0, 0.0, 0.0, 0.0, 1.0]}, "function_type": "DefaultFunctionType", "scale_factor": 1.0, "distance_method": "DefaultMethod", "target_enable": true, "blendshape_data": []}, "lowerarm_r_in_110": {"drivers": [[-0.3420201433256689, -0.9396926207859081, 2.4253061647427736e-08, 0.0, 0.9396926207859058, -0.34202014332566527, 8.62560998888531e-08, 0.0, -7.275918494239163e-08, 5.229174670836755e-08, 0.999999999999996, 0.0, -3.552713678800501e-15, 0.0, 0.0, 1.0]], "controllers": [], "driven": {"WRK_lowerarm_r": [1.0, 0.0, 0.0, 0.0, 0.0, 1.0, 0.0, 0.0, 0.0, 0.0, 1.0, 0.0, 0.0, 0.0, 0.0, 1.0]}, "function_type": "DefaultFunctionType", "scale_factor": 1.0, "distance_method": "DefaultMethod", "target_enable": true, "blendshape_data": []}}, "driven_attrs": [[], [], [], [], []], "mode": "Interpolative", "radius": 45.0, "automaticRadius": false, "weightThreshold": 0.0010000000474974513, "distanceMethod": "Quaternion", "normalizeMethod": "AlwaysNormalize", "functionType": "Gaussian", "twistAxis": "X-Axis", "inputMode": "Rotation"}, "WRK_thigh_l_UERBFSolver": {"solver_name": "WRK_thigh_l_UERBFSolver", "drivers": ["thigh_l"], "driven_transforms": ["WRK_thigh_l"], "controllers": [], "poses": {"default": {"drivers": [[0.9936776610170911, 0.11225891982063965, 0.0016250896303697075, 0.0, -0.11227068160480047, 0.9935744463482203, 0.014321788150289512, 0.0, -6.8990621092788655e-06, -0.014413690871232464, 0.999896117338132, 0.0, 1.5229235316382983e-05, 2.9820590441431705e-10, -9.257677078, 1.0]], "controllers": [], "driven": {"WRK_thigh_l": [1.0, 0.0, 0.0, 0.0, 0.0, 1.0, 0.0, 0.0, 0.0, 0.0, 1.0, 0.0, 0.0, 0.0, 0.0, 1.0]}, "function_type": "DefaultFunctionType", "scale_factor": 1.0, "distance_method": "DefaultMethod", "target_enable": true, "blendshape_data": []}, "thigh_l_fwd_10": {"drivers": [[0.984807753012208, 0.17364817766693025, 8.413408858487514e-17, 0.0, -0.17364817766693044, 0.9848077530122079, 0.0, 0.0, 1.4094628242311558e-17, -2.7755575615628914e-17, 1.0, 0.0, -4.440892098500626e-16, 0.0, 1.7763568394002505e-15, 1.0]], "controllers": [], "driven": {"WRK_thigh_l": [1.0, 0.0, 0.0, 0.0, 0.0, 1.0, 0.0, 0.0, 0.0, 0.0, 1.0, 0.0, 0.0, 0.0, 0.0, 1.0]}, "function_type": "DefaultFunctionType", "scale_factor": 1.0, "distance_method": "DefaultMethod", "target_enable": true, "blendshape_data": []}, "thigh_l_fwd_45": {"drivers": [[0.7071067811865476, 0.7071067811865477, 2.949029909160572e-17, 0.0, -0.7071067811865476, 0.7071067811865475, -8.500145032286355e-17, 0.0, 2.7972416050126014e-17, 1.734723475976807e-18, 1.0, 0.0, -4.440892098500626e-16, 0.0, 1.7763568394002505e-15, 1.0]], "controllers": [], "driven": {"WRK_thigh_l": [1.0, 0.0, 0.0, 0.0, 0.0, 1.0, 0.0, 0.0, 0.0, 0.0, 1.0, 0.0, 0.0, 0.0, 0.0, 1.0]}, "function_type": "DefaultFunctionType", "scale_factor": 1.0, "distance_method": "DefaultMethod", "target_enable": true, "blendshape_data": []}, "thigh_l_fwd_90": {"drivers": [[7.985826626713544e-18, 0.9999999999999998, -5.377642775528102e-17, 0.0, -1.0, 1.2944357499940218e-16, -9.020562075079397e-17, 0.0, 2.7972416050126014e-17, 1.734723475976807e-18, 1.0, 0.0, -4.440892098500626e-16, 0.0, 1.7763568394002505e-15, 1.0]], "controllers": [], "driven": {"WRK_thigh_l": [1.0, 0.0, 0.0, 0.0, 0.0, 1.0, 0.0, 0.0, 0.0, 0.0, 1.0, 0.0, 0.0, 0.0, 0.0, 1.0]}, "function_type": "DefaultFunctionType", "scale_factor": 1.0, "distance_method": "DefaultMethod", "target_enable": true, "blendshape_data": []}, "thigh_l_fwd_110": {"drivers": [[-0.3420201433256692, 0.9396926207859083, -5.377642775528102e-17, 0.0, -0.9396926207859086, -0.342020143325669, -2.949029909160572e-17, 0.0, 1.4094628242311558e-17, -2.7755575615628914e-17, 1.0, 0.0, -4.440892098500626e-16, 0.0, 1.7763568394002505e-15, 1.0]], "controllers": [], "driven": {"WRK_thigh_l": [1.0, 0.0, 0.0, 0.0, 0.0, 1.0, 0.0, 0.0, 0.0, 0.0, 1.0, 0.0, 0.0, 0.0, 0.0, 1.0]}, "function_type": "DefaultFunctionType", "scale_factor": 1.0, "distance_method": "DefaultMethod", "target_enable": true, "blendshape_data": []}}, "driven_attrs": [[], [], [], [], []], "mode": "Interpolative", "radius": 45.0, "automaticRadius": false, "weightThreshold": 0.0010000000474974513, "distanceMethod": "Quaternion", "normalizeMethod": "AlwaysNormalize", "functionType": "Gaussian", "twistAxis": "X-Axis", "inputMode": "Rotation"}, "WRK_thigh_r_UERBFSolver": {"solver_name": "WRK_thigh_r_UERBFSolver", "drivers": ["thigh_r"], "driven_transforms": ["WRK_thigh_r"], "controllers": [], "poses": {"default": {"drivers": [[-0.9936776610170908, -0.11225891982064054, 0.001625089630369485, 0.0, 0.11227068160480133, -0.9935744463482197, 0.014321788150295002, 0.0, 6.899062108427657e-06, 0.0144136908712379, 0.999896117338132, 0.0, 0.00048511734406986307, 4.593447400225159e-09, 9.257679939, 1.0]], "controllers": [], "driven": {"WRK_thigh_r": [1.0, 0.0, 0.0, 0.0, 0.0, 1.0, 0.0, 0.0, 0.0, 0.0, 1.0, 0.0, 0.0, 0.0, 0.0, 1.0]}, "function_type": "DefaultFunctionType", "scale_factor": 1.0, "distance_method": "DefaultMethod", "target_enable": true, "blendshape_data": []}, "thigh_r_fwd_10": {"drivers": [[0.9848077530122079, 0.1736481776669303, -2.7668839441830073e-16, 0.0, -0.1736481776669302, 0.9848077530122084, -3.469446951953614e-18, 0.0, 2.0599841277224584e-17, 0.0, 0.9999999999999999, 0.0, 4.40619762898109e-16, -2.7755575615628914e-17, -1.7763568394002505e-15, 1.0]], "controllers": [], "driven": {"WRK_thigh_r": [1.0, 0.0, 0.0, 0.0, 0.0, 1.0, 0.0, 0.0, 0.0, 0.0, 1.0, 0.0, 0.0, 0.0, 0.0, 1.0]}, "function_type": "DefaultFunctionType", "scale_factor": 1.0, "distance_method": "DefaultMethod", "target_enable": true, "blendshape_data": []}, "thigh_r_fwd_45": {"drivers": [[0.7071067811865478, 0.7071067811865476, -2.203098814490545e-16, 0.0, -0.7071067811865476, 0.7071067811865479, 1.3877787807814457e-16, 0.0, 1.3877787807814457e-17, -2.7755575615628914e-17, 0.9999999999999999, 0.0, 4.40619762898109e-16, -2.7755575615628914e-17, -1.7763568394002505e-15, 1.0]], "controllers": [], "driven": {"WRK_thigh_r": [1.0, 0.0, 0.0, 0.0, 0.0, 1.0, 0.0, 0.0, 0.0, 0.0, 1.0, 0.0, 0.0, 0.0, 0.0, 1.0]}, "function_type": "DefaultFunctionType", "scale_factor": 1.0, "distance_method": "DefaultMethod", "target_enable": true, "blendshape_data": []}, "thigh_r_fwd_90": {"drivers": [[-6.94126559615954e-17, 0.9999999999999998, 2.6020852139652106e-17, 0.0, -0.9999999999999996, -3.700856353143489e-17, 3.187554387107383e-16, 0.0, 3.469446951953614e-17, 2.7755575615628914e-17, 0.9999999999999999, 0.0, 4.40619762898109e-16, -2.7755575615628914e-17, -1.7763568394002505e-15, 1.0]], "controllers": [], "driven": {"WRK_thigh_r": [1.0, 0.0, 0.0, 0.0, 0.0, 1.0, 0.0, 0.0, 0.0, 0.0, 1.0, 0.0, 0.0, 0.0, 0.0, 1.0]}, "function_type": "DefaultFunctionType", "scale_factor": 1.0, "distance_method": "DefaultMethod", "target_enable": true, "blendshape_data": []}, "thigh_r_fwd_110": {"drivers": [[-0.34202014332566877, 0.9396926207859083, 8.326672684688674e-17, 0.0, -0.9396926207859081, -0.3420201433256688, 2.7755575615628914e-16, 0.0, 4.85722573273506e-17, 0.0, 0.9999999999999999, 0.0, 4.40619762898109e-16, -2.7755575615628914e-17, -1.7763568394002505e-15, 1.0]], "controllers": [], "driven": {"WRK_thigh_r": [1.0, 0.0, 0.0, 0.0, 0.0, 1.0, 0.0, 0.0, 0.0, 0.0, 1.0, 0.0, 0.0, 0.0, 0.0, 1.0]}, "function_type": "DefaultFunctionType", "scale_factor": 1.0, "distance_method": "DefaultMethod", "target_enable": true, "blendshape_data": []}}, "driven_attrs": [[], [], [], [], []], "mode": "Interpolative", "radius": 45.0, "automaticRadius": false, "weightThreshold": 0.0010000000474974513, "distanceMethod": "Quaternion", "normalizeMethod": "AlwaysNormalize", "functionType": "Gaussian", "twistAxis": "X-Axis", "inputMode": "Rotation"}, "WRK_upperarm_l_UERBFSolver": {"solver_name": "WRK_upperarm_l_UERBFSolver", "drivers": ["upperarm_l"], "driven_transforms": ["WRK_upperarm_l"], "controllers": [], "poses": {"default": {"drivers": [[0.8022215017946727, -0.20056204087128543, -0.5623304453965174, 0.0, 0.27727857102467734, 0.9593034101032382, 0.05341873655200545, 0.0, 0.528731743050116, -0.19877584140394058, 0.8251853784243517, 0.0, 14.462940203923342, 4.540662068563961e-09, 6.92316746153665e-08, 1.0]], "controllers": [], "driven": {"WRK_upperarm_l": [1.0, 0.0, 0.0, 0.0, 0.0, 1.0, 0.0, 0.0, 0.0, 0.0, 1.0, 0.0, 0.0, 0.0, 0.0, 1.0]}, "function_type": "DefaultFunctionType", "scale_factor": 1.0, "distance_method": "DefaultMethod", "target_enable": true, "blendshape_data": []}, "upperarm_l_out_15": {"drivers": [[0.9659258262890684, -2.42861286636753e-17, 0.25881904510252063, 0.0, 2.0816681711721685e-17, 0.9999999999999999, -3.469446951953614e-17, 0.0, -0.2588190451025205, 2.0816681711721685e-17, 0.9659258262890682, 0.0, -1.7763568394002505e-15, 0.0, -8.881784197001252e-16, 1.0]], "controllers": [], "driven": {"WRK_upperarm_l": [1.0, 0.0, 0.0, 0.0, 0.0, 1.0, 0.0, 0.0, 0.0, 0.0, 1.0, 0.0, 0.0, 0.0, 0.0, 1.0]}, "function_type": "DefaultFunctionType", "scale_factor": 1.0, "distance_method": "DefaultMethod", "target_enable": true, "blendshape_data": []}, "upperarm_l_out_55": {"drivers": [[0.5735764363510463, -1.3877787807814457e-17, 0.8191520442889917, 0.0, 1.0408340855860843e-17, 0.9999999999999999, -2.0816681711721685e-17, 0.0, -0.8191520442889917, 1.3877787807814457e-17, 0.5735764363510462, 0.0, -1.7763568394002505e-15, 0.0, -8.881784197001252e-16, 1.0]], "controllers": [], "driven": {"WRK_upperarm_l": [1.0, 0.0, 0.0, 0.0, 0.0, 1.0, 0.0, 0.0, 0.0, 0.0, 1.0, 0.0, 0.0, 0.0, 0.0, 1.0]}, "function_type": "DefaultFunctionType", "scale_factor": 1.0, "distance_method": "DefaultMethod", "target_enable": true, "blendshape_data": []}, "upperarm_l_out_85": {"drivers": [[0.08715574274765842, 1.3877787807814457e-17, 0.9961946980917453, 0.0, 6.938893903907228e-18, 0.9999999999999999, -1.3877787807814457e-17, 0.0, -0.9961946980917455, -1.3877787807814457e-17, 0.08715574274765825, 0.0, -1.7763568394002505e-15, 0.0, -8.881784197001252e-16, 1.0]], "controllers": [], "driven": {"WRK_upperarm_l": [1.0, 0.0, 0.0, 0.0, 0.0, 1.0, 0.0, 0.0, 0.0, 0.0, 1.0, 0.0, 0.0, 0.0, 0.0, 1.0]}, "function_type": "DefaultFunctionType", "scale_factor": 1.0, "distance_method": "DefaultMethod", "target_enable": true, "blendshape_data": []}, "upperarm_l_out_110": {"drivers": [[-0.3420201433256689, 1.3877787807814457e-17, 0.9396926207859082, 0.0, 6.938893903907228e-18, 0.9999999999999999, -1.3877787807814457e-17, 0.0, -0.9396926207859084, 5.204170427930421e-18, -0.342020143325669, 0.0, -1.7763568394002505e-15, 0.0, -8.881784197001252e-16, 1.0]], "controllers": [], "driven": {"WRK_upperarm_l": [1.0, 0.0, 0.0, 0.0, 0.0, 1.0, 0.0, 0.0, 0.0, 0.0, 1.0, 0.0, 0.0, 0.0, 0.0, 1.0]}, "function_type": "DefaultFunctionType", "scale_factor": 1.0, "distance_method": "DefaultMethod", "target_enable": true, "blendshape_data": []}}, "driven_attrs": [[], [], [], [], []], "mode": "Interpolative", "radius": 45.0, "automaticRadius": false, "weightThreshold": 0.0010000000474974513, "distanceMethod": "Quaternion", "normalizeMethod": "AlwaysNormalize", "functionType": "Gaussian", "twistAxis": "X-Axis", "inputMode": "Rotation"}, "WRK_upperarm_r_UERBFSolver": {"solver_name": "WRK_upperarm_r_UERBFSolver", "drivers": ["upperarm_r"], "driven_transforms": ["WRK_upperarm_r"], "controllers": [], "poses": {"default": {"drivers": [[0.8022215017946729, -0.20056204087128573, -0.5623304453965171, 0.0, 0.2772785710246743, 0.9593034101032393, 0.053418736552000315, 0.0, 0.5287317430501173, -0.19877584140393464, 0.8251853784243524, 0.0, -14.462838557267506, -4.7084538591590785e-05, -0.0007497997064263018, 1.0]], "controllers": [], "driven": {"WRK_upperarm_r": [1.0, 0.0, 0.0, 0.0, 0.0, 1.0, 0.0, 0.0, 0.0, 0.0, 1.0, 0.0, 0.0, 0.0, 0.0, 1.0]}, "function_type": "DefaultFunctionType", "scale_factor": 1.0, "distance_method": "DefaultMethod", "target_enable": true, "blendshape_data": []}, "upperarm_r_out_15": {"drivers": [[0.9659258262890684, 3.469446951953614e-17, 0.25881904510252063, 0.0, 9.020562075079397e-17, 0.9999999999999999, 4.85722573273506e-17, 0.0, -0.2588190451025207, 2.7755575615628914e-17, 0.9659258262890684, 0.0, -3.552713678800501e-15, -8.881784197001252e-16, -1.7763568394002505e-15, 1.0]], "controllers": [], "driven": {"WRK_upperarm_r": [1.0, 0.0, 0.0, 0.0, 0.0, 1.0, 0.0, 0.0, 0.0, 0.0, 1.0, 0.0, 0.0, 0.0, 0.0, 1.0]}, "function_type": "DefaultFunctionType", "scale_factor": 1.0, "distance_method": "DefaultMethod", "target_enable": true, "blendshape_data": []}, "upperarm_r_out_55": {"drivers": [[0.5735764363510464, 4.85722573273506e-17, 0.8191520442889918, 0.0, 7.28583859910259e-17, 0.9999999999999999, 7.632783294297951e-17, 0.0, -0.8191520442889919, -2.0816681711721685e-17, 0.573576436351046, 0.0, -3.552713678800501e-15, -8.881784197001252e-16, -1.7763568394002505e-15, 1.0]], "controllers": [], "driven": {"WRK_upperarm_r": [1.0, 0.0, 0.0, 0.0, 0.0, 1.0, 0.0, 0.0, 0.0, 0.0, 1.0, 0.0, 0.0, 0.0, 0.0, 1.0]}, "function_type": "DefaultFunctionType", "scale_factor": 1.0, "distance_method": "DefaultMethod", "target_enable": true, "blendshape_data": []}, "upperarm_r_out_85": {"drivers": [[0.08715574274765847, 4.163336342344337e-17, 0.9961946980917454, 0.0, 7.632783294297951e-17, 0.9999999999999999, 6.938893903907228e-17, 0.0, -0.9961946980917458, -3.469446951953614e-17, 0.08715574274765803, 0.0, -3.552713678800501e-15, -8.881784197001252e-16, -1.7763568394002505e-15, 1.0]], "controllers": [], "driven": {"WRK_upperarm_r": [1.0, 0.0, 0.0, 0.0, 0.0, 1.0, 0.0, 0.0, 0.0, 0.0, 1.0, 0.0, 0.0, 0.0, 0.0, 1.0]}, "function_type": "DefaultFunctionType", "scale_factor": 1.0, "distance_method": "DefaultMethod", "target_enable": true, "blendshape_data": []}, "upperarm_r_out_110": {"drivers": [[-0.34202014332566905, 6.245004513516506e-17, 0.9396926207859083, 0.0, 7.632783294297951e-17, 0.9999999999999999, 6.938893903907228e-17, 0.0, -0.9396926207859084, 8.673617379884035e-18, -0.34202014332566905, 0.0, -3.552713678800501e-15, -8.881784197001252e-16, -1.7763568394002505e-15, 1.0]], "controllers": [], "driven": {"WRK_upperarm_r": [1.0, 0.0, 0.0, 0.0, 0.0, 1.0, 0.0, 0.0, 0.0, 0.0, 1.0, 0.0, 0.0, 0.0, 0.0, 1.0]}, "function_type": "DefaultFunctionType", "scale_factor": 1.0, "distance_method": "DefaultMethod", "target_enable": true, "blendshape_data": []}}, "driven_attrs": [[], [], [], [], []], "mode": "Interpolative", "radius": 45.0, "automaticRadius": false, "weightThreshold": 0.0010000000474974513, "distanceMethod": "Quaternion", "normalizeMethod": "AlwaysNormalize", "functionType": "Gaussian", "twistAxis": "X-Axis", "inputMode": "Rotation"}}, "metadata": {"version": "1.2.0", "copyright": "Copyright Epic Games, Inc. All Rights Reserved", "serializer_params": {"delta": true}}}