{"solvers": {"WRK_calf_l_UERBFSolver": {"solver_name": "WRK_calf_l_UERBFSolver", "drivers": ["calf_l"], "driven_transforms": [], "controllers": [], "poses": {"default": {"drivers": [[0.9961291399724911, -0.08790185719121826, -0.0, 0.0, 0.08790185719121826, 0.9961291399724911, 0.0, 0.0, 0.0, -0.0, 1.0, 0.0, -41.19221496582031, -1.4210854715202004e-14, -3.730349362740526e-14, 1.0]], "controllers": [], "driven": {}, "function_type": "DefaultFunctionType", "scale_factor": 1.0, "distance_method": "DefaultMethod", "target_enable": true, "blendshape_data": []}, "calf_l_back_50": {"drivers": [[0.6427876174094396, -0.7660444366386949, -1.23099098823263e-31, -2.3433006377090233e-18, 0.7660444366386948, 0.6427876174094396, -1.5457162236149563e-31, -2.5950112465776086e-18, 0.0, 0.0, 1.0, 0.0, 0.0, -4.440892098500626e-16, 0.0, 1.0]], "controllers": [], "driven": {}, "function_type": "DefaultFunctionType", "scale_factor": 1.0, "distance_method": "DefaultMethod", "target_enable": true, "blendshape_data": []}, "calf_l_back_90": {"drivers": [[2.7755575615628914e-17, -1.0, 5.0573450480598906e-33, -1.2703132055058285e-19, 0.9999999999999999, 4.163336342344337e-17, -1.975353078100955e-31, -3.494138562242626e-18, 0.0, 0.0, 1.0, 0.0, 0.0, -4.440892098500626e-16, 0.0, 1.0]], "controllers": [], "driven": {}, "function_type": "DefaultFunctionType", "scale_factor": 1.0, "distance_method": "DefaultMethod", "target_enable": true, "blendshape_data": []}, "calf_l_back_120": {"drivers": [[-0.49999998653882644, -0.8660254115562507, 1.0314744057261872e-31, 1.6370568824257553e-18, 0.8660254115562506, -0.4999999865388265, -1.6854192378717644e-31, -3.089528444966037e-18, 0.0, 0.0, 1.0, 0.0, 0.0, -4.440892098500626e-16, 0.0, 1.0]], "controllers": [], "driven": {}, "function_type": "DefaultFunctionType", "scale_factor": 1.0, "distance_method": "DefaultMethod", "target_enable": true, "blendshape_data": []}, "calf_l_back_150": {"drivers": [[-0.8660254016890686, -0.5000000036292871, 1.7359926683639625e-31, 2.9624970911871108e-18, 0.500000003629287, -0.8660254016890687, -9.438786534523377e-32, -1.8570816442094562e-18, 0.0, 0.0, 1.0, 0.0, 0.0, -4.440892098500626e-16, 0.0, 1.0]], "controllers": [], "driven": {}, "function_type": "DefaultFunctionType", "scale_factor": 1.0, "distance_method": "DefaultMethod", "target_enable": true, "blendshape_data": []}}, "driven_attrs": [[], [], [], [], []], "mode": "Interpolative", "radius": 45.0, "automaticRadius": false, "weightThreshold": 0.0010000000474974513, "distanceMethod": "Quaternion", "normalizeMethod": "OnlyNormalizeAboveOne", "functionType": "Linear", "twistAxis": "X-Axis", "inputMode": "Rotation"}, "WRK_calf_r_UERBFSolver": {"solver_name": "WRK_calf_r_UERBFSolver", "drivers": ["calf_r"], "driven_transforms": [], "controllers": [], "poses": {"default": {"drivers": [[0.9961291399724911, -0.08790185719121826, -0.0, 0.0, 0.08790185719121826, 0.9961291399724911, 0.0, 0.0, 0.0, -0.0, 1.0, 0.0, 41.19224166870117, -1.1640966022241628e-06, 3.7596701076836325e-06, 1.0]], "controllers": [], "driven": {}, "function_type": "DefaultFunctionType", "scale_factor": 1.0, "distance_method": "DefaultMethod", "target_enable": true, "blendshape_data": []}, "calf_r_back_50": {"drivers": [[0.64278761740944, -0.7660444366386949, 0.0, 0.0, 0.7660444366386951, 0.6427876174094398, 0.0, 0.0, 0.0, 0.0, 1.0, 0.0, 0.0, 0.0, 0.0, 1.0]], "controllers": [], "driven": {}, "function_type": "DefaultFunctionType", "scale_factor": 1.0, "distance_method": "DefaultMethod", "target_enable": true, "blendshape_data": []}, "calf_r_back_90": {"drivers": [[2.7755575615628914e-17, -1.0, -0.0, 0.0, 1.0000000000000002, 6.938893903907228e-17, 0.0, 0.0, 0.0, 0.0, 1.0, 0.0, 0.0, 0.0, 0.0, 1.0]], "controllers": [], "driven": {}, "function_type": "DefaultFunctionType", "scale_factor": 1.0, "distance_method": "DefaultMethod", "target_enable": true, "blendshape_data": []}, "calf_r_back_120": {"drivers": [[-0.4999999865388271, -0.8660254115562505, -0.0, 0.0, 0.8660254115562507, -0.499999986538827, 0.0, 0.0, 0.0, 0.0, 1.0, 0.0, 0.0, 0.0, 0.0, 1.0]], "controllers": [], "driven": {}, "function_type": "DefaultFunctionType", "scale_factor": 1.0, "distance_method": "DefaultMethod", "target_enable": true, "blendshape_data": []}, "calf_r_back_150": {"drivers": [[-0.8660254016890689, -0.5000000036292871, -0.0, 0.0, 0.5000000036292872, -0.8660254016890687, 0.0, 0.0, 0.0, 0.0, 1.0, 0.0, 0.0, 0.0, 0.0, 1.0]], "controllers": [], "driven": {}, "function_type": "DefaultFunctionType", "scale_factor": 1.0, "distance_method": "DefaultMethod", "target_enable": true, "blendshape_data": []}}, "driven_attrs": [[], [], [], [], []], "mode": "Interpolative", "radius": 45.0, "automaticRadius": false, "weightThreshold": 0.0010000000474974513, "distanceMethod": "Quaternion", "normalizeMethod": "OnlyNormalizeAboveOne", "functionType": "Linear", "twistAxis": "X-Axis", "inputMode": "Rotation"}, "WRK_lowerarm_l_UERBFSolver": {"solver_name": "WRK_lowerarm_l_UERBFSolver", "drivers": ["lowerarm_l"], "driven_transforms": [], "controllers": [], "poses": {"default": {"drivers": [[0.7801021376325601, -0.625652183614115, -0.0, 0.0, 0.625652183614115, 0.7801021376325601, 0.0, 0.0, 0.0, -0.0, 1.0, 0.0, 26.972801208496094, -6.572520305780927e-14, 7.105427357601002e-14, 1.0]], "controllers": [], "driven": {}, "function_type": "DefaultFunctionType", "scale_factor": 1.0, "distance_method": "DefaultMethod", "target_enable": true, "blendshape_data": []}, "lowerarm_l_in_30": {"drivers": [[0.8660254037844388, -0.4999999999999999, 5.1064699155094655e-31, 0.0, 0.4999999999999999, 0.8660254037844386, 2.244780922785665e-31, 0.0, 0.0, 0.0, 1.0, 0.0, 7.105427357601002e-15, 3.552713678800501e-15, 1.262177448353619e-29, 1.0]], "controllers": [], "driven": {}, "function_type": "DefaultFunctionType", "scale_factor": 1.0, "distance_method": "DefaultMethod", "target_enable": true, "blendshape_data": []}, "lowerarm_l_in_60": {"drivers": [[0.5000000000000001, -0.8660254037844386, 3.2999422090993405e-31, 0.0, 0.8660254037844387, 0.5, 4.497272262817794e-31, 0.0, 0.0, 0.0, 1.0, 0.0, 7.105427357601002e-15, 3.552713678800501e-15, 1.262177448353619e-29, 1.0]], "controllers": [], "driven": {}, "function_type": "DefaultFunctionType", "scale_factor": 1.0, "distance_method": "DefaultMethod", "target_enable": true, "blendshape_data": []}, "lowerarm_l_in_90": {"drivers": [[0.0, -0.9999999999999999, 6.091976526916716e-32, 0.0, 1.0, 0.0, 5.544723131885005e-31, 0.0, 0.0, 0.0, 1.0, 0.0, 7.105427357601002e-15, 3.552713678800501e-15, 1.262177448353619e-29, 1.0]], "controllers": [], "driven": {}, "function_type": "DefaultFunctionType", "scale_factor": 1.0, "distance_method": "DefaultMethod", "target_enable": true, "blendshape_data": []}, "lowerarm_l_in_110": {"drivers": [[-0.34202014332566877, -0.9396926207859083, -1.3239484614340003e-31, 0.0, 0.9396926207859084, -0.3420201433256688, 5.418693279820538e-31, 0.0, 0.0, 0.0, 1.0, 0.0, 7.105427357601002e-15, 3.552713678800501e-15, 1.262177448353619e-29, 1.0]], "controllers": [], "driven": {}, "function_type": "DefaultFunctionType", "scale_factor": 1.0, "distance_method": "DefaultMethod", "target_enable": true, "blendshape_data": []}}, "driven_attrs": [[], [], [], [], []], "mode": "Interpolative", "radius": 45.0, "automaticRadius": false, "weightThreshold": 0.0010000000474974513, "distanceMethod": "Quaternion", "normalizeMethod": "OnlyNormalizeAboveOne", "functionType": "Linear", "twistAxis": "X-Axis", "inputMode": "Rotation"}, "WRK_lowerarm_r_UERBFSolver": {"solver_name": "WRK_lowerarm_r_UERBFSolver", "drivers": ["lowerarm_r"], "driven_transforms": [], "controllers": [], "poses": {"default": {"drivers": [[0.7801021376325602, -0.6256521836141149, 0.0, 0.0, 0.625652183614114, 0.7801021376325592, 5.1619138239540115e-08, 0.0, -3.229562655584713e-08, -4.026820008341587e-08, 0.9999999999999987, 0.0, -26.973011016845703, -2.170028892578557e-05, 7.988442666828632e-05, 1.0]], "controllers": [], "driven": {}, "function_type": "DefaultFunctionType", "scale_factor": 1.0, "distance_method": "DefaultMethod", "target_enable": true, "blendshape_data": []}, "lowerarm_r_in_30": {"drivers": [[0.8660254037844388, -0.4999999999999995, 1.2904784559884073e-08, 0.0, 0.4999999999999992, 0.8660254037844386, 2.9267395721088634e-08, 0.0, -2.580956911977005e-08, -1.8893915917132434e-08, 0.9999999999999996, 0.0, -3.552713678800501e-15, 0.0, 0.0, 1.0]], "controllers": [], "driven": {}, "function_type": "DefaultFunctionType", "scale_factor": 1.0, "distance_method": "DefaultMethod", "target_enable": true, "blendshape_data": []}, "lowerarm_r_in_60": {"drivers": [[0.5000000000000002, -0.866025403784438, 2.2351742518450544e-08, 0.0, 0.8660254037844359, 0.5000000000000008, 6.452392279942441e-08, 0.0, -6.705522755535369e-08, -1.2904784559885092e-08, 0.9999999999999977, 0.0, -3.552713678800501e-15, 0.0, 0.0, 1.0]], "controllers": [], "driven": {}, "function_type": "DefaultFunctionType", "scale_factor": 1.0, "distance_method": "DefaultMethod", "target_enable": true, "blendshape_data": []}, "lowerarm_r_in_90": {"drivers": [[-2.7755575615628923e-16, -0.9999999999999998, 2.5809569119769793e-08, 0.0, 0.9999999999999971, 2.10942400702636e-15, 7.742870735930917e-08, 0.0, -7.742870735931015e-08, 2.580956911976997e-08, 0.9999999999999967, 0.0, -3.552713678800501e-15, 0.0, 0.0, 1.0]], "controllers": [], "driven": {}, "function_type": "DefaultFunctionType", "scale_factor": 1.0, "distance_method": "DefaultMethod", "target_enable": true, "blendshape_data": []}, "lowerarm_r_in_110": {"drivers": [[-0.3420201433256689, -0.9396926207859082, 2.4253061647511873e-08, 0.0, 0.9396926207859058, -0.3420201433256653, 8.625609988882663e-08, 0.0, -7.27591849425353e-08, 5.2291746708322495e-08, 0.999999999999996, 0.0, -3.552713678800501e-15, 0.0, 0.0, 1.0]], "controllers": [], "driven": {}, "function_type": "DefaultFunctionType", "scale_factor": 1.0, "distance_method": "DefaultMethod", "target_enable": true, "blendshape_data": []}}, "driven_attrs": [[], [], [], [], []], "mode": "Interpolative", "radius": 45.0, "automaticRadius": false, "weightThreshold": 0.0010000000474974513, "distanceMethod": "Quaternion", "normalizeMethod": "OnlyNormalizeAboveOne", "functionType": "Linear", "twistAxis": "X-Axis", "inputMode": "Rotation"}, "WRK_thigh_l_UERBFSolver": {"solver_name": "WRK_thigh_l_UERBFSolver", "drivers": ["thigh_l"], "driven_transforms": [], "controllers": [], "poses": {"default": {"drivers": [[0.9937852023984014, 0.09454886504780848, 0.0587493286101187, 0.0, -0.1019854204591411, 0.9848635579901602, 0.14015258169842768, 0.0, -0.044608805271388025, -0.14527313674982564, 0.9883854360678964, 0.0, -2.3322947025299072, -0.3789549171924591, -9.276978492736816, 1.0]], "controllers": [], "driven": {}, "function_type": "DefaultFunctionType", "scale_factor": 1.0, "distance_method": "DefaultMethod", "target_enable": true, "blendshape_data": []}, "thigh_l_fwd_10": {"drivers": [[0.984807753012208, 0.17364817766693033, 8.326672684688674e-17, 0.0, -0.1736481776669304, 0.984807753012208, 0.0, 0.0, 1.3877787807814457e-17, -2.7755575615628914e-17, 1.0, 0.0, -4.440892098500626e-16, 0.0, 0.0, 1.0]], "controllers": [], "driven": {}, "function_type": "DefaultFunctionType", "scale_factor": 1.0, "distance_method": "DefaultMethod", "target_enable": true, "blendshape_data": []}, "thigh_l_fwd_45": {"drivers": [[0.7071067811865476, 0.7071067811865477, 2.7755575615628914e-17, 0.0, -0.7071067811865475, 0.7071067811865476, -9.020562075079397e-17, 0.0, 2.7755575615628914e-17, 0.0, 1.0, 0.0, -4.440892098500626e-16, 0.0, 0.0, 1.0]], "controllers": [], "driven": {}, "function_type": "DefaultFunctionType", "scale_factor": 1.0, "distance_method": "DefaultMethod", "target_enable": true, "blendshape_data": []}, "thigh_l_fwd_90": {"drivers": [[3.642919299551295e-17, 1.0, -5.551115123125783e-17, 0.0, -1.0, 1.1796119636642288e-16, -9.020562075079397e-17, 0.0, 2.7755575615628914e-17, 0.0, 1.0, 0.0, -4.440892098500626e-16, 0.0, 0.0, 1.0]], "controllers": [], "driven": {}, "function_type": "DefaultFunctionType", "scale_factor": 1.0, "distance_method": "DefaultMethod", "target_enable": true, "blendshape_data": []}, "thigh_l_fwd_110": {"drivers": [[-0.34202014332566916, 0.9396926207859084, -5.551115123125783e-17, 0.0, -0.9396926207859085, -0.34202014332566905, -2.7755575615628914e-17, 0.0, 1.3877787807814457e-17, -2.7755575615628914e-17, 1.0, 0.0, -4.440892098500626e-16, 0.0, 0.0, 1.0]], "controllers": [], "driven": {}, "function_type": "DefaultFunctionType", "scale_factor": 1.0, "distance_method": "DefaultMethod", "target_enable": true, "blendshape_data": []}}, "driven_attrs": [[], [], [], [], []], "mode": "Interpolative", "radius": 45.0, "automaticRadius": false, "weightThreshold": 0.0010000000474974513, "distanceMethod": "Quaternion", "normalizeMethod": "OnlyNormalizeAboveOne", "functionType": "Linear", "twistAxis": "X-Axis", "inputMode": "Rotation"}, "WRK_thigh_r_UERBFSolver": {"solver_name": "WRK_thigh_r_UERBFSolver", "drivers": ["thigh_r"], "driven_transforms": [], "controllers": [], "poses": {"default": {"drivers": [[-0.9937852047590154, -0.09454884023583891, 0.058749328610118695, 0.0, 0.10198539586991943, -0.9848635605364437, 0.1401525816984277, 0.0, 0.04460880889844206, 0.14527313563607153, 0.9883854360678964, 0.0, -2.3322746753692627, -0.3789503276348114, 9.27698040008545, 1.0]], "controllers": [], "driven": {}, "function_type": "DefaultFunctionType", "scale_factor": 1.0, "distance_method": "DefaultMethod", "target_enable": true, "blendshape_data": []}, "thigh_r_fwd_10": {"drivers": [[0.984807753012208, 0.17364817766693028, -2.7755575615628914e-16, 0.0, -0.17364817766693028, 0.9848077530122081, 0.0, 0.0, 2.0816681711721685e-17, 0.0, 1.0, 0.0, 4.440892098500626e-16, 0.0, 0.0, 1.0]], "controllers": [], "driven": {}, "function_type": "DefaultFunctionType", "scale_factor": 1.0, "distance_method": "DefaultMethod", "target_enable": true, "blendshape_data": []}, "thigh_r_fwd_45": {"drivers": [[0.7071067811865478, 0.7071067811865476, -2.220446049250313e-16, 0.0, -0.7071067811865477, 0.7071067811865479, 1.3877787807814457e-16, 0.0, 1.3877787807814457e-17, -2.7755575615628914e-17, 1.0, 0.0, 4.440892098500626e-16, 0.0, 0.0, 1.0]], "controllers": [], "driven": {}, "function_type": "DefaultFunctionType", "scale_factor": 1.0, "distance_method": "DefaultMethod", "target_enable": true, "blendshape_data": []}, "thigh_r_fwd_90": {"drivers": [[-7.45931094670027e-17, 0.9999999999999997, 2.7755575615628914e-17, 0.0, -0.9999999999999998, -4.336808689942018e-17, 3.191891195797325e-16, 0.0, 3.469446951953614e-17, 2.7755575615628914e-17, 1.0, 0.0, 4.440892098500626e-16, 0.0, 0.0, 1.0]], "controllers": [], "driven": {}, "function_type": "DefaultFunctionType", "scale_factor": 1.0, "distance_method": "DefaultMethod", "target_enable": true, "blendshape_data": []}, "thigh_r_fwd_110": {"drivers": [[-0.3420201433256688, 0.9396926207859083, 8.326672684688674e-17, 0.0, -0.9396926207859082, -0.3420201433256688, 2.7755575615628914e-16, 0.0, 4.85722573273506e-17, 0.0, 1.0, 0.0, 4.440892098500626e-16, 0.0, 0.0, 1.0]], "controllers": [], "driven": {}, "function_type": "DefaultFunctionType", "scale_factor": 1.0, "distance_method": "DefaultMethod", "target_enable": true, "blendshape_data": []}}, "driven_attrs": [[], [], [], [], []], "mode": "Interpolative", "radius": 45.0, "automaticRadius": false, "weightThreshold": 0.0010000000474974513, "distanceMethod": "Quaternion", "normalizeMethod": "OnlyNormalizeAboveOne", "functionType": "Linear", "twistAxis": "X-Axis", "inputMode": "Rotation"}, "WRK_upperarm_l_UERBFSolver": {"solver_name": "WRK_upperarm_l_UERBFSolver", "drivers": ["upperarm_l"], "driven_transforms": [], "controllers": [], "poses": {"default": {"drivers": [[0.6858162718368775, -0.06359075517802579, -0.7249912117671872, 0.0, 0.010036639418092339, 0.9969069942299703, -0.07794684550741768, 0.0, 0.7277055085355321, 0.046180739613549175, 0.6843332756309519, 0.0, 17.01506805419922, -3.863576125695545e-14, -0.34124764800071716, 1.0]], "controllers": [], "driven": {}, "function_type": "DefaultFunctionType", "scale_factor": 1.0, "distance_method": "DefaultMethod", "target_enable": true, "blendshape_data": []}, "upperarm_l_out_15": {"drivers": [[0.9659258262890684, 6.938893903907228e-18, 0.2588190451025206, 0.0, 6.938893903907228e-18, 0.9999999999999999, -1.3877787807814457e-17, 0.0, -0.2588190451025207, 1.3877787807814457e-17, 0.9659258262890684, 0.0, 0.0, 0.0, 0.0, 1.0]], "controllers": [], "driven": {}, "function_type": "DefaultFunctionType", "scale_factor": 1.0, "distance_method": "DefaultMethod", "target_enable": true, "blendshape_data": []}, "upperarm_l_out_55": {"drivers": [[0.5735764363510463, 1.3877787807814457e-17, 0.8191520442889917, 0.0, 0.0, 0.9999999999999999, -6.938893903907228e-18, 0.0, -0.8191520442889918, -1.3877787807814457e-17, 0.5735764363510463, 0.0, 0.0, 0.0, 0.0, 1.0]], "controllers": [], "driven": {}, "function_type": "DefaultFunctionType", "scale_factor": 1.0, "distance_method": "DefaultMethod", "target_enable": true, "blendshape_data": []}, "upperarm_l_out_85": {"drivers": [[0.0871557427476583, 1.3877787807814457e-17, 0.9961946980917453, 0.0, 0.0, 0.9999999999999999, 0.0, 0.0, -0.9961946980917455, 0.0, 0.08715574274765836, 0.0, 0.0, 0.0, 0.0, 1.0]], "controllers": [], "driven": {}, "function_type": "DefaultFunctionType", "scale_factor": 1.0, "distance_method": "DefaultMethod", "target_enable": true, "blendshape_data": []}, "upperarm_l_out_110": {"drivers": [[-0.3420201433256691, 0.0, 0.9396926207859084, 0.0, 0.0, 0.9999999999999999, 0.0, 0.0, -0.9396926207859084, -6.938893903907228e-18, -0.342020143325669, 0.0, 0.0, 0.0, 0.0, 1.0]], "controllers": [], "driven": {}, "function_type": "DefaultFunctionType", "scale_factor": 1.0, "distance_method": "DefaultMethod", "target_enable": true, "blendshape_data": []}}, "driven_attrs": [[], [], [], [], []], "mode": "Interpolative", "radius": 45.0, "automaticRadius": false, "weightThreshold": 0.0010000000474974513, "distanceMethod": "Quaternion", "normalizeMethod": "OnlyNormalizeAboveOne", "functionType": "Linear", "twistAxis": "X-Axis", "inputMode": "Rotation"}, "WRK_upperarm_r_UERBFSolver": {"solver_name": "WRK_upperarm_r_UERBFSolver", "drivers": ["upperarm_r"], "driven_transforms": [], "controllers": [], "poses": {"default": {"drivers": [[0.6858162718368775, -0.06359075517802579, -0.7249912117671872, 0.0, 0.010036639418092339, 0.9969069942299703, -0.07794684550741768, 0.0, 0.7277055085355321, 0.046180739613549175, 0.6843332756309519, 0.0, -17.015003204345703, 7.535356417065486e-06, 0.34089088439941406, 1.0]], "controllers": [], "driven": {}, "function_type": "DefaultFunctionType", "scale_factor": 1.0, "distance_method": "DefaultMethod", "target_enable": true, "blendshape_data": []}, "upperarm_r_out_15": {"drivers": [[0.9659258262890683, -6.938893903907228e-18, 0.2588190451025207, 0.0, 6.938893903907228e-18, 1.0, -2.0816681711721685e-17, 0.0, -0.25881904510252074, 2.7755575615628914e-17, 0.9659258262890683, 0.0, 0.0, -5.551115123125783e-17, 0.0, 1.0]], "controllers": [], "driven": {}, "function_type": "DefaultFunctionType", "scale_factor": 1.0, "distance_method": "DefaultMethod", "target_enable": true, "blendshape_data": []}, "upperarm_r_out_55": {"drivers": [[0.5735764363510462, 1.214306433183765e-17, 0.8191520442889917, 0.0, -6.938893903907228e-18, 1.0, 0.0, 0.0, -0.8191520442889918, 1.3877787807814457e-17, 0.573576436351046, 0.0, 0.0, -5.551115123125783e-17, 0.0, 1.0]], "controllers": [], "driven": {}, "function_type": "DefaultFunctionType", "scale_factor": 1.0, "distance_method": "DefaultMethod", "target_enable": true, "blendshape_data": []}, "upperarm_r_out_85": {"drivers": [[0.0871557427476583, 2.0816681711721685e-17, 0.9961946980917452, 0.0, 0.0, 1.0, 0.0, 0.0, -0.9961946980917455, 2.0816681711721685e-17, 0.08715574274765814, 0.0, 0.0, -5.551115123125783e-17, 0.0, 1.0]], "controllers": [], "driven": {}, "function_type": "DefaultFunctionType", "scale_factor": 1.0, "distance_method": "DefaultMethod", "target_enable": true, "blendshape_data": []}, "upperarm_r_out_110": {"drivers": [[-0.34202014332566916, 1.3877787807814457e-17, 0.9396926207859082, 0.0, 0.0, 1.0, 0.0, 0.0, -0.9396926207859082, 0.0, -0.34202014332566905, 0.0, 0.0, -5.551115123125783e-17, 0.0, 1.0]], "controllers": [], "driven": {}, "function_type": "DefaultFunctionType", "scale_factor": 1.0, "distance_method": "DefaultMethod", "target_enable": true, "blendshape_data": []}}, "driven_attrs": [[], [], [], [], []], "mode": "Interpolative", "radius": 45.0, "automaticRadius": false, "weightThreshold": 0.0010000000474974513, "distanceMethod": "Quaternion", "normalizeMethod": "OnlyNormalizeAboveOne", "functionType": "Linear", "twistAxis": "X-Axis", "inputMode": "Rotation"}, "calf_l_UERBFSolver": {"solver_name": "calf_l_UERBFSolver", "drivers": ["calf_l"], "driven_transforms": ["calf_twistCor_02_l", "calf_kneeBack_l", "calf_knee_l", "thigh_twistCor_01_l", "thigh_twistCor_02_l"], "controllers": [], "poses": {"default": {"drivers": [[0.9961291399724911, -0.08790185719121826, -0.0, 0.0, 0.08790185719121826, 0.9961291399724911, 0.0, 0.0, 0.0, -0.0, 1.0, 0.0, -41.19221496582031, -1.4210854715202004e-14, -3.730349362740526e-14, 1.0]], "controllers": [], "driven": {"calf_twistCor_02_l": [1.0, 0.0, 0.0, 0.0, 0.0, 1.0, 0.0, 0.0, 0.0, 0.0, 1.0, 0.0, -7.105427357601002e-14, -4.107825191113079e-15, 1.0658141036401503e-14, 1.0], "calf_kneeBack_l": [1.0, 0.0, 0.0, 0.0, 0.0, 1.0000000000000002, 0.0, 0.0, 0.0, 0.0, 1.0000000000000002, 0.0, -0.18977537751197815, 5.485090732574463, 0.3770959675312042, 1.0], "calf_knee_l": [1.0, 0.0, 0.0, 0.0, 0.0, 1.0000000000000002, 0.0, 0.0, 0.0, 0.0, 1.0000000000000002, 0.0, -0.22109068930149078, -4.958963871002197, -0.0697883814573288, 1.0], "thigh_twistCor_01_l": [1.0, 0.0, 0.0, 0.0, 0.0, 1.0, 0.0, 0.0, 0.0, 0.0, 1.0, 0.0, -8.526512829121202e-14, -8.881784197001252e-16, 1.5987211554602254e-14, 1.0], "thigh_twistCor_02_l": [1.0, 0.0, 0.0, 0.0, 0.0, 1.0, 0.0, 0.0, 0.0, 0.0, 1.0, 0.0, 7.815970093361102e-14, -3.552713678800501e-15, 1.7763568394002505e-15, 1.0]}, "function_type": "DefaultFunctionType", "scale_factor": 1.0, "distance_method": "DefaultMethod", "target_enable": true, "blendshape_data": []}, "calf_l_back_50": {"drivers": [[0.6427876174094395, -0.7660444366386953, -3.692972964697889e-31, -7.029901913127069e-18, 0.766044436638695, 0.6427876174094395, -4.6371486708448705e-31, -7.785033739732827e-18, 0.0, 0.0, 1.0, 0.0, 0.0, -1.3322676295501878e-15, 0.0, 1.0]], "controllers": [], "driven": {"calf_twistCor_02_l": [1.0, 0.0, 0.0, 0.0, 0.0, 1.0, 0.0, 0.0, 0.0, 0.0, 1.0, 0.0, 7.105427357601002e-14, 1.2545520178264269e-14, -8.881784197001252e-15, 1.0], "calf_kneeBack_l": [0.7623170555446571, 0.0, -0.019670520930066517, 0.0, 0.0, 1.0, 4.163336342344338e-17, 0.0, 0.02579500942261921, 0.0, 0.9996672533842889, 0.0, 1.4085932970046997, 1.983443021774292, 0.08808241784572618, 1.0], "calf_knee_l": [0.9916715233902959, 0.0, 0.1287928169455502, 0.0, 2.081668171172169e-17, 1.0, 5.204170427930423e-18, 0.0, -0.12879281694555023, 0.0, 0.9916715233902961, 0.0, 0.3745962381362915, 0.5630863308906555, -0.5100090503692627, 1.0], "thigh_twistCor_01_l": [1.0, 0.0, 0.0, 0.0, 0.0, 1.0, 0.0, 0.0, 0.0, 0.0, 1.0, 0.0, 7.105427357601002e-14, 8.881784197001252e-16, -1.5987211554602254e-14, 1.0], "thigh_twistCor_02_l": [1.0, 0.0, 0.0, 0.0, 0.0, 1.0, 0.0, 0.0, 0.0, 0.0, 1.0, 0.0, -5.684341886080802e-14, 4.440892098500626e-15, -8.881784197001252e-15, 1.0]}, "function_type": "DefaultFunctionType", "scale_factor": 1.0, "distance_method": "DefaultMethod", "target_enable": true, "blendshape_data": []}, "calf_l_back_90": {"drivers": [[-3.818046843279018e-17, -0.9999999999999997, 1.51720351441797e-32, -3.8109396165174786e-19, 0.9999999999999993, -1.1425870539370196e-17, -5.926059234302863e-31, -1.0482415686727875e-17, 0.0, 0.0, 1.0, 0.0, 0.0, -1.3322676295501878e-15, 0.0, 1.0]], "controllers": [], "driven": {"calf_twistCor_02_l": [1.0, 0.0, 0.0, 0.0, 0.0, 1.0, 0.0, 0.0, 0.0, 0.0, 1.0210422277450562, 0.0, 6.217248937900877e-14, -1.6653345369377348e-15, -8.881784197001252e-15, 1.0], "calf_kneeBack_l": [0.6060353356249081, 0.0, -0.28659606462402815, 0.0, 0.0, 1.1501085758209229, 4.788288831357137e-17, 0.0, 0.35158833560212766, 0.0, 0.7434678324978441, 0.0, 1.3570586442947388, 4.926637649536132, 0.09502732008695636, 1.0], "calf_knee_l": [0.8881365816104771, 0.0, 0.45957960399179687, 0.0, 2.181779524603747e-17, 1.0480918884277344, 5.454448811509367e-18, 0.0, -0.4595796039917966, 0.0, 0.8881365816104766, 0.0, 0.15271954238414764, 0.3433445692062378, -0.6383137106895447, 1.0], "thigh_twistCor_01_l": [1.0, 0.0, 0.0, 0.0, 0.0, 1.0, 0.0, 0.0, 0.0, 0.0, 1.0, 0.0, 7.105427357601002e-14, 8.881784197001252e-16, -1.5987211554602254e-14, 1.0], "thigh_twistCor_02_l": [0.9999191372416548, -0.01271687767908045, 0.0, 0.0, 0.01271687767908045, 0.9999191372416548, 0.0, 0.0, 0.0, 0.0, 1.0, 0.0, -6.194430170580745e-05, -0.3053523302078247, -1.4210854715202004e-14, 1.0]}, "function_type": "DefaultFunctionType", "scale_factor": 1.0, "distance_method": "DefaultMethod", "target_enable": true, "blendshape_data": []}, "calf_l_back_120": {"drivers": [[-0.49999998653882577, -0.8660254115562507, 3.0944232171785587e-31, 4.9111706472772606e-18, 0.8660254115562503, -0.49999998653882594, -5.056257713615294e-31, -9.268585334898112e-18, 0.0, 0.0, 1.0, 0.0, 0.0, -1.3322676295501878e-15, 0.0, 1.0]], "controllers": [], "driven": {"calf_twistCor_02_l": [0.9990910292876575, 0.04262763419343387, 0.0, 0.0, -0.043542415460151015, 1.0205313408280592, 0.0, 0.0, 0.0, 0.0, 1.0733009576797485, 0.0, -2.8479025786509737e-05, -0.9223248958587646, -1.0658141036401503e-14, 1.0], "calf_kneeBack_l": [0.6882990989928567, 0.0, -0.261853315256824, 0.0, 0.0, 1.3678250312805176, 5.69471566269846e-17, 0.0, 0.29384347942383343, 0.0, 0.7723874029778197, 0.0, 3.1283063888549805, 5.606852054595946, 0.17284578084945706, 1.0], "calf_knee_l": [1.0545508621420683, 0.0, 0.39156171217791, 0.0, 2.2614097206323892e-17, 1.0863449573516846, 5.653524301580973e-18, 0.0, -0.3480860595783357, 0.0, 0.9374625833211837, 0.0, 0.5625226497650146, 0.02549126371741295, -0.08827247470617293, 1.0], "thigh_twistCor_01_l": [1.0, 0.0, 0.0, 0.0, 0.0, 1.0, 0.0, 0.0, 0.0, 0.0, 1.0, 0.0, 8.526512829121202e-14, -0.0001750791707308963, -1.9539925233402755e-14, 1.0], "thigh_twistCor_02_l": [0.9996809056017288, -0.025260383514637566, 0.0, 0.0, 0.027180515320455848, 1.0756702151624014, 0.0, 0.0, 0.0, 0.0, 1.058445692062378, 0.0, -7.355889920290792e-06, -0.40164804458618164, -1.5987211554602254e-14, 1.0]}, "function_type": "DefaultFunctionType", "scale_factor": 1.0, "distance_method": "DefaultMethod", "target_enable": true, "blendshape_data": []}, "calf_l_back_150": {"drivers": [[-0.8660254016890685, -0.5000000036292873, 5.207978005091887e-31, 8.88749127356133e-18, 0.5000000036292872, -0.8660254016890685, -2.8316359603570144e-31, -5.57124493262837e-18, 0.0, 0.0, 1.0, 0.0, 0.0, -1.3322676295501878e-15, 0.0, 1.0]], "controllers": [], "driven": {"calf_twistCor_02_l": [0.997145358631982, 0.07550585247976596, 0.0, 0.0, -0.07550585247976596, 0.997145358631982, 0.0, 0.0, 0.0, 0.0, 1.040785312652588, 0.0, -0.31504955887794495, -2.0490870475769043, -0.10372616350650787, 1.0], "calf_kneeBack_l": [0.47188887380321254, 0.0, -0.5244281749427517, 0.0, 0.0, 1.1929107904434204, 4.966488847027803e-17, 0.0, 0.6643793951832905, 0.0, 0.597819223967756, 0.0, 4.8019514083862305, 6.2090897560119656, 0.00829713046550784, 1.0], "calf_knee_l": [1.183167109326766, 0.0, 0.4894043804374291, 0.0, 2.559446121339634e-17, 1.229516863822937, 6.398615303349085e-18, 0.0, -0.38223041937986335, 0.0, 0.924067046539748, 0.0, 0.05182091146707535, -0.45553019642829895, -0.3147186934947966, 1.0], "thigh_twistCor_01_l": [0.967356034512587, -0.25342119582245254, 0.0, 0.0, 0.25342119582245254, 0.967356034512587, 0.0, 0.0, 0.0, 0.0, 1.0, 0.0, 0.0015391991473734379, -0.22146357595920563, -0.10276918113231659, 1.0], "thigh_twistCor_02_l": [0.9819948979014306, -0.18890743896299836, 0.0, 0.0, 0.21826951718764606, 1.1346273784785157, 0.0, 0.0, 0.0, 0.0, 1.121518611907959, 0.0, -0.07647224515676498, -0.5835850238800049, -0.3563653230667114, 1.0]}, "function_type": "DefaultFunctionType", "scale_factor": 1.0, "distance_method": "DefaultMethod", "target_enable": true, "blendshape_data": []}}, "driven_attrs": [[], [], [], [], []], "mode": "Interpolative", "radius": 50.0, "automaticRadius": false, "weightThreshold": 0.0010000000474974513, "distanceMethod": "SwingAngle", "normalizeMethod": "AlwaysNormalize", "functionType": "Gaussian", "twistAxis": "X-Axis", "inputMode": "Rotation"}, "calf_r_UERBFSolver": {"solver_name": "calf_r_UERBFSolver", "drivers": ["calf_r"], "driven_transforms": ["calf_twistCor_02_r", "calf_kneeBack_r", "calf_knee_r", "thigh_twistCor_01_r", "thigh_twistCor_02_r"], "controllers": [], "poses": {"default": {"drivers": [[0.9961291399724911, -0.08790185719121826, -0.0, 0.0, 0.08790185719121826, 0.9961291399724911, 0.0, 0.0, 0.0, -0.0, 1.0, 0.0, 41.19224166870117, -1.1640966022241628e-06, 3.7596701076836325e-06, 1.0]], "controllers": [], "driven": {"calf_twistCor_02_r": [1.0, 0.0, 0.0, 0.0, 0.0, 1.0, 0.0, 0.0, 0.0, 0.0, 1.0, 0.0, 4.263256414560601e-14, -3.1086244689504383e-15, 5.329070518200751e-15, 1.0], "calf_kneeBack_r": [0.9999999999999999, 0.0, 0.0, 0.0, 0.0, 1.0, 0.0, 0.0, 0.0, 0.0, 1.0000000000000002, 0.0, 0.18648698925971985, -5.489851951599121, -0.4007650315761566, 1.0], "calf_knee_r": [0.9999999999999999, 0.0, 0.0, 0.0, 0.0, 1.0, 0.0, 0.0, 0.0, 0.0, 1.0000000000000002, 0.0, 0.21821042895317078, 4.955517292022705, 0.0669897124171257, 1.0], "thigh_twistCor_01_r": [1.0, 0.0, 0.0, 0.0, 0.0, 1.0, 0.0, 0.0, 0.0, 0.0, 1.0, 0.0, -1.2789769243681803e-13, -2.6645352591003757e-15, 7.105427357601002e-15, 1.0], "thigh_twistCor_02_r": [1.0, 0.0, 0.0, 0.0, 0.0, 1.0, 0.0, 0.0, 0.0, 0.0, 1.0, 0.0, -1.0658141036401503e-13, -3.552713678800501e-15, -5.329070518200751e-15, 1.0]}, "function_type": "DefaultFunctionType", "scale_factor": 1.0, "distance_method": "DefaultMethod", "target_enable": true, "blendshape_data": []}, "calf_r_back_50": {"drivers": [[0.6427876174094401, -0.766044436638695, 0.0, 0.0, 0.766044436638696, 0.6427876174094395, 0.0, 0.0, 0.0, 0.0, 1.0, 0.0, 0.0, 0.0, 0.0, 1.0]], "controllers": [], "driven": {"calf_twistCor_02_r": [1.0, 0.0, 0.0, 0.0, 0.0, 1.0, 0.0, 0.0, 0.0, 0.0, 1.0, 0.0, -4.609777079167543e-06, -1.34803030960029e-06, 7.613359684910392e-07, 1.0], "calf_kneeBack_r": [0.7623170553809515, 2.453557024341025e-08, -0.01967052727435752, 0.0, -2.08752004682212e-08, 0.999999999999904, 4.383232219314298e-07, 0.0, 0.025795017742239995, -4.3763889510219623e-07, 0.9996672531695164, 0.0, -1.4053101539611816, -1.9786806106567383, -0.06441990286111815, 1.0], "calf_knee_r": [0.9916715191028076, -2.738180194811754e-07, 0.12879284995781282, 0.0, -8.984082358957001e-09, 0.9999999999975903, 2.1952094248537623e-06, 0.0, -0.12879284995810353, -2.1780837506647956e-06, 0.991671519100415, 0.0, -0.3717224597930908, -0.5596399903297424, 0.5128008723258972, 1.0], "thigh_twistCor_01_r": [1.0, 0.0, 0.0, 0.0, 0.0, 1.0, 0.0, 0.0, 0.0, 0.0, 1.0, 0.0, 1.5071341294969898e-05, 2.7460494038678007e-06, -4.179867573839147e-06, 1.0], "thigh_twistCor_02_r": [1.0, 0.0, 0.0, 0.0, 0.0, 1.0, 0.0, 0.0, 0.0, 0.0, 1.0, 0.0, 7.400117283395957e-06, 3.1633474009140627e-06, -4.747945695271483e-06, 1.0]}, "function_type": "DefaultFunctionType", "scale_factor": 1.0, "distance_method": "DefaultMethod", "target_enable": true, "blendshape_data": []}, "calf_r_back_90": {"drivers": [[-4.163336342344337e-17, -0.9999999999999997, 0.0, 0.0, 1.0000000000000007, 9.71445146547012e-17, 0.0, 0.0, 0.0, 0.0, 1.0, 0.0, 0.0, 0.0, 0.0, 1.0]], "controllers": [], "driven": {"calf_twistCor_02_r": [1.0, 0.0, 0.0, 0.0, 0.0, 1.0, 0.0, 0.0, 0.0, 0.0, 1.0210422277450562, 0.0, -2.664796966200811e-06, -3.995758561359253e-06, 7.613359684910392e-07, 1.0], "calf_kneeBack_r": [0.6060353451639511, 1.3927510934920871e-06, -0.2865960444494064, 0.0, 1.3617923154932986e-06, 1.150108575788937, 8.468746514590264e-06, 0.0, 0.35158831085524783, -5.890775111714704e-06, 0.7434678441773854, 0.0, -1.353773832321167, -4.921874523162842, -0.07136490195989592, 1.0], "calf_knee_r": [0.8881365663081047, -2.380617784069043e-06, 0.4595796335574313, 0.0, -1.4886464351380723e-06, 1.0480918883937658, 8.305910974886606e-06, 0.0, -0.4595796335614024, -7.691057363821702e-06, 0.8881365662759385, 0.0, -0.1498420685529709, -0.3398958146572113, 0.6411059498786926, 1.0], "thigh_twistCor_01_r": [1.0, 0.0, 0.0, 0.0, 0.0, 1.0, 0.0, 0.0, 0.0, 0.0, 1.0, 0.0, 1.5071341294969898e-05, 2.7460494038678007e-06, -4.179867573839147e-06, 1.0], "thigh_twistCor_02_r": [0.9999191372284253, -0.012716878719293629, 0.0, 0.0, 0.012716878719293629, 0.9999191372284253, 0.0, 0.0, 0.0, 0.0, 1.0, 0.0, 6.93444162607193e-05, 0.3053554892539978, -4.747945695271483e-06, 1.0]}, "function_type": "DefaultFunctionType", "scale_factor": 1.0, "distance_method": "DefaultMethod", "target_enable": true, "blendshape_data": []}, "calf_r_back_120": {"drivers": [[-0.4999999865388264, -0.8660254115562507, 0.0, 0.0, 0.8660254115562513, -0.49999998653882605, 0.0, 0.0, 0.0, 0.0, 1.0, 0.0, 0.0, 0.0, 0.0, 1.0]], "controllers": [], "driven": {"calf_twistCor_02_r": [0.9990910292876575, 0.04262763419343387, 0.0, 0.0, -0.043542415460151015, 1.0205313408280592, 0.0, 0.0, 0.0, 0.0, 1.0733009576797485, 0.0, 2.739492447290104e-05, 0.9223195910453796, 6.273281201174541e-07, 1.0], "calf_kneeBack_r": [0.6882990989919934, 1.0901380359669027e-06, -0.2618533152568239, 0.0, 1.0139182665459391e-06, 1.3678250312545963, 8.359631117468928e-06, 0.0, 0.29384347942574124, -4.938356065640855e-06, 0.7723874029613069, 0.0, -3.125023126602173, -5.6020941734313965, -0.14918278157711024, 1.0], "calf_knee_r": [1.0545508621408506, -1.6026435307572837e-06, 0.3915617121779101, 0.0, -7.61751877315149e-07, 1.086344957331984, 6.497902470716957e-06, 0.0, -0.3480860595805451, -5.851452250680951e-06, 0.9374625833021015, 0.0, -0.5596480369567871, -0.02204841375350952, 0.09106533974409102, 1.0], "thigh_twistCor_01_r": [1.0, 0.0, 0.0, 0.0, 0.0, 1.0, 0.0, 0.0, 0.0, 0.0, 1.0, 0.0, 1.5071341294969898e-05, 0.0001778252626536414, -4.179867573839147e-06, 1.0], "thigh_twistCor_02_r": [0.9996809056017292, -0.025260383514637573, 0.0, 0.0, 0.027180515320455848, 1.0756702151624014, 0.0, 0.0, 0.0, 0.0, 1.058445692062378, 0.0, 1.4756006748939399e-05, 0.40165120363235474, -4.747945695271483e-06, 1.0]}, "function_type": "DefaultFunctionType", "scale_factor": 1.0, "distance_method": "DefaultMethod", "target_enable": true, "blendshape_data": []}, "calf_r_back_150": {"drivers": [[-0.8660254016890692, -0.5000000036292873, 0.0, 0.0, 0.5000000036292875, -0.8660254016890685, 0.0, 0.0, 0.0, 0.0, 1.0, 0.0, 0.0, 0.0, 0.0, 1.0]], "controllers": [], "driven": {"calf_twistCor_02_r": [0.997145358631982, 0.07550585247976596, 0.0, 0.0, -0.07550585247976596, 0.997145358631982, 0.0, 0.0, 0.0, 0.0, 1.040785312652588, 0.0, 0.31505128741264343, 2.049081802368164, 0.10372678935527802, 1.0], "calf_kneeBack_r": [0.4718888388656603, 4.518534573486957e-06, -0.5244282063606528, 0.0, 5.779516114876205e-06, 1.1929107903289966, 1.5478758959542053e-05, 0.0, 0.6643794349960616, -1.0975917679555901e-05, 0.5978191796215373, 0.0, -4.798667907714844, -6.204333782196045, 0.015365475788712668, 1.0], "calf_knee_r": [1.1831671093247857, -2.164673434889247e-06, 0.4894043804374291, 0.0, -1.092971990132701e-06, 1.2295168637958978, 8.080579498309572e-06, 0.0, -0.38223041938256874, -6.412896484366092e-06, 0.9240670465163769, 0.0, -0.04894509911537179, 0.45897215604782104, 0.31751039624214156, 1.0], "thigh_twistCor_01_r": [0.9673560260763183, -0.2534212280252643, 0.0, 0.0, 0.2534212280252643, 0.9673560260763184, 0.0, 0.0, 0.0, 0.0, 1.0, 0.0, -0.0015241277869790792, 0.2214663177728653, 0.10276500135660172, 1.0], "thigh_twistCor_02_r": [0.9819948916127933, -0.18890747165313088, 0.0, 0.0, 0.2182695549588396, 1.134627371212429, 0.0, 0.0, 0.0, 0.0, 1.121518611907959, 0.0, 0.07647964358329773, 0.583588182926178, 0.3563605844974518, 1.0]}, "function_type": "DefaultFunctionType", "scale_factor": 1.0, "distance_method": "DefaultMethod", "target_enable": true, "blendshape_data": []}}, "driven_attrs": [[], [], [], [], []], "mode": "Interpolative", "radius": 50.0, "automaticRadius": false, "weightThreshold": 0.0010000000474974513, "distanceMethod": "SwingAngle", "normalizeMethod": "AlwaysNormalize", "functionType": "Gaussian", "twistAxis": "X-Axis", "inputMode": "Rotation"}, "clavicle_l_UERBFSolver": {"solver_name": "clavicle_l_UERBFSolver", "drivers": ["clavicle_l"], "driven_transforms": ["clavicle_out_l", "clavicle_scap_l", "clavicle_pec_l", "spine_04_latissimus_l"], "controllers": [], "poses": {"default": {"drivers": [[-0.1298966500034373, 0.07524024941706868, -0.9886686832228186, 0.0, 0.21873967414754766, 0.9747246653312172, 0.04543986959456955, 0.0, 0.9670986584995915, -0.21035857877111672, -0.1430714963425166, 0.0, 5.486752510070801, 0.7334108948707581, -1.2064685821533203, 1.0]], "controllers": [], "driven": {"clavicle_out_l": [1.0, 0.0, 0.0, 0.0, 0.0, 0.9999999999999999, 0.0, 0.0, 0.0, 0.0, 1.0, 0.0, 11.506473541259766, -0.43494027853012085, 5.728471755981445, 1.0], "clavicle_scap_l": [0.9999999999999999, 0.0, 0.0, 0.0, 0.0, 0.9999999999999999, 0.0, 0.0, 0.0, 0.0, 1.0, 0.0, 9.631842613220215, 7.136977195739746, -2.094588041305542, 1.0], "clavicle_pec_l": [1.0, 0.0, 0.0, 0.0, 0.0, 1.0, 0.0, 0.0, 0.0, 0.0, 1.0, 0.0, -9.040654182434082, -7.051016330718994, -8.82535457611084, 1.0], "spine_04_latissimus_l": [1.0, 0.0, 0.0, 0.0, 0.0, 1.0, 0.0, 0.0, 0.0, 0.0, 1.0, 0.0, -9.193660736083984, 4.5995001792907715, -14.594854354858398, 1.0]}, "function_type": "DefaultFunctionType", "scale_factor": 1.0, "distance_method": "DefaultMethod", "target_enable": true, "blendshape_data": []}, "clavicle_l_back_30": {"drivers": [[0.8660254016890688, 0.500000003629287, 0.0, 0.0, -0.5000000036292871, 0.8660254016890686, 5.551115123125783e-17, 0.0, -8.326672684688674e-17, -1.717376241217039e-16, 0.9999999999999998, 0.0, -2.220446049250313e-16, -2.220446049250313e-16, 0.0, 1.0]], "controllers": [], "driven": {"clavicle_out_l": [1.0823059889433235, 0.0, -0.02866312098733092, 0.0, 0.0, 1.0750231742858887, 0.0, 0.0, 0.02647409775615428, 0.0, 0.9996494996487507, 0.0, 0.42155689001083374, 0.470430463552475, 0.26825761795043945, 1.0], "clavicle_scap_l": [0.8775435451193843, 0.47852875912830173, 0.030455756540100132, 3.653508933385221e-17, -0.37871905080505375, 0.6949963062862685, -0.0076590314838792545, -1.576734787754832e-17, -0.031372107995261404, -0.00608074471915986, 0.999489277272945, -1.3061263735262316e-18, -2.0084381103515625, 8.715241432189941, 0.39567166566848755, 1.0], "clavicle_pec_l": [1.1147092010852617, 0.12425418717698736, 0.027111485003706772, 0.0, -0.08546354179078501, 0.7917374442140275, -0.11470032705517093, 0.0, -0.03956868417977061, 0.13907794332506795, 0.9894905986985176, 0.0, 1.0831540822982788, 1.8219729661941528, -0.8778994679450989, 1.0], "spine_04_latissimus_l": [0.9990297050831818, 0.015382900005783146, 0.0412675992616717, 0.0, -0.01314620165977581, 0.8746239542360229, -0.007773819395481627, 0.0, -0.04139801422997553, 0.008258021281613796, 0.9991086074608342, 0.0, 1.1016314029693657, 0.34192904829978676, 0.046329256147146225, 1.0]}, "function_type": "DefaultFunctionType", "scale_factor": 1.0, "distance_method": "DefaultMethod", "target_enable": true, "blendshape_data": []}, "clavicle_l_down_20": {"drivers": [[0.9396926174059799, 1.1796119636642288e-16, -0.34202015261194446, 0.0, 0.0, 1.0, -8.847089727481716e-17, 0.0, 0.3420201526119445, -2.3592239273284576e-16, 0.93969261740598, 0.0, -2.220446049250313e-16, -2.220446049250313e-16, 0.0, 1.0]], "controllers": [], "driven": {"clavicle_out_l": [1.068948597672404, 0.0, 0.16452778129081463, 0.0, 0.0, 0.9273736476898197, 0.0, 0.0, -0.11491781826792394, 0.0, 0.7466291693798427, 0.0, -0.67554157972335